1 2 
1 3 
1 4 
1 5 
1 6 
1 7 
1 8 
1 9 
1 10 
2 3 
2 4 
2 5 
2 6 
2 7 
2 8 
2 9 
2 10 
3 4 
3 5 
3 6 
3 7 
3 8 
3 9 
3 10 
4 5 
4 6 
4 7 
4 8 
4 9 
4 10 
5 6 
5 7 
5 8 
5 9 
5 10 
6 7 
6 8 
6 9 
6 10 
7 8 
7 9 
7 10 
8 9 
8 10 
9 10 
11 12 
11 13 
11 14 
11 15 
11 16 
11 17 
11 18 
11 19 
12 13 
12 14 
12 15 
12 16 
12 17 
12 18 
12 19 
13 14 
13 15 
13 16 
13 17 
13 18 
13 19 
14 15 
14 16 
14 17 
14 18 
14 19 
15 16 
15 17 
15 18 
15 19 
16 17 
16 18 
16 19 
17 18 
17 19 
18 19 
20 21 
20 22 
20 23 
21 22 
21 23 
22 23 
24 25 
24 26 
24 27 
24 28 
24 29 
24 30 
24 31 
24 32 
24 33 
24 34 
24 35 
24 36 
24 37 
24 38 
24 39 
24 40 
24 41 
24 42 
24 43 
24 44 
24 45 
24 46 
24 47 
24 48 
24 49 
24 50 
24 51 
24 52 
24 53 
25 26 
25 27 
25 28 
25 29 
25 30 
25 31 
25 32 
25 33 
25 34 
25 35 
25 36 
25 37 
25 38 
25 39 
25 40 
25 41 
25 42 
25 43 
25 44 
25 45 
25 46 
25 47 
25 48 
25 49 
25 50 
25 51 
25 52 
25 53 
26 27 
26 28 
26 29 
26 30 
26 31 
26 32 
26 33 
26 34 
26 35 
26 36 
26 37 
26 38 
26 39 
26 40 
26 41 
26 42 
26 43 
26 44 
26 45 
26 46 
26 47 
26 48 
26 49 
26 50 
26 51 
26 52 
26 53 
27 28 
27 29 
27 30 
27 31 
27 32 
27 33 
27 34 
27 35 
27 36 
27 37 
27 38 
27 39 
27 40 
27 41 
27 42 
27 43 
27 44 
27 45 
27 46 
27 47 
27 48 
27 49 
27 50 
27 51 
27 52 
27 53 
28 29 
28 30 
28 31 
28 32 
28 33 
28 34 
28 35 
28 36 
28 37 
28 38 
28 39 
28 40 
28 41 
28 42 
28 43 
28 44 
28 45 
28 46 
28 47 
28 48 
28 49 
28 50 
28 51 
28 52 
28 53 
29 30 
29 31 
29 32 
29 33 
29 34 
29 35 
29 36 
29 37 
29 38 
29 39 
29 40 
29 41 
29 42 
29 43 
29 44 
29 45 
29 46 
29 47 
29 48 
29 49 
29 50 
29 51 
29 52 
29 53 
30 31 
30 32 
30 33 
30 34 
30 35 
30 36 
30 37 
30 38 
30 39 
30 40 
30 41 
30 42 
30 43 
30 44 
30 45 
30 46 
30 47 
30 48 
30 49 
30 50 
30 51 
30 52 
30 53 
31 32 
31 33 
31 34 
31 35 
31 36 
31 37 
31 38 
31 39 
31 40 
31 41 
31 42 
31 43 
31 44 
31 45 
31 46 
31 47 
31 48 
31 49 
31 50 
31 51 
31 52 
31 53 
32 33 
32 34 
32 35 
32 36 
32 37 
32 38 
32 39 
32 40 
32 41 
32 42 
32 43 
32 44 
32 45 
32 46 
32 47 
32 48 
32 49 
32 50 
32 51 
32 52 
32 53 
33 34 
33 35 
33 36 
33 37 
33 38 
33 39 
33 40 
33 41 
33 42 
33 43 
33 44 
33 45 
33 46 
33 47 
33 48 
33 49 
33 50 
33 51 
33 52 
33 53 
34 35 
34 36 
34 37 
34 38 
34 39 
34 40 
34 41 
34 42 
34 43 
34 44 
34 45 
34 46 
34 47 
34 48 
34 49 
34 50 
34 51 
34 52 
34 53 
35 36 
35 37 
35 38 
35 39 
35 40 
35 41 
35 42 
35 43 
35 44 
35 45 
35 46 
35 47 
35 48 
35 49 
35 50 
35 51 
35 52 
35 53 
36 37 
36 38 
36 39 
36 40 
36 41 
36 42 
36 43 
36 44 
36 45 
36 46 
36 47 
36 48 
36 49 
36 50 
36 51 
36 52 
36 53 
37 38 
37 39 
37 40 
37 41 
37 42 
37 43 
37 44 
37 45 
37 46 
37 47 
37 48 
37 49 
37 50 
37 51 
37 52 
37 53 
38 39 
38 40 
38 41 
38 42 
38 43 
38 44 
38 45 
38 46 
38 47 
38 48 
38 49 
38 50 
38 51 
38 52 
38 53 
39 40 
39 41 
39 42 
39 43 
39 44 
39 45 
39 46 
39 47 
39 48 
39 49 
39 50 
39 51 
39 52 
39 53 
40 41 
40 42 
40 43 
40 44 
40 45 
40 46 
40 47 
40 48 
40 49 
40 50 
40 51 
40 52 
40 53 
41 42 
41 43 
41 44 
41 45 
41 46 
41 47 
41 48 
41 49 
41 50 
41 51 
41 52 
41 53 
42 43 
42 44 
42 45 
42 46 
42 47 
42 48 
42 49 
42 50 
42 51 
42 52 
42 53 
43 44 
43 45 
43 46 
43 47 
43 48 
43 49 
43 50 
43 51 
43 52 
43 53 
44 45 
44 46 
44 47 
44 48 
44 49 
44 50 
44 51 
44 52 
44 53 
45 46 
45 47 
45 48 
45 49 
45 50 
45 51 
45 52 
45 53 
46 47 
46 48 
46 49 
46 50 
46 51 
46 52 
46 53 
47 48 
47 49 
47 50 
47 51 
47 52 
47 53 
48 49 
48 50 
48 51 
48 52 
48 53 
49 50 
49 51 
49 52 
49 53 
50 51 
50 52 
50 53 
51 52 
51 53 
52 53 
8 47 
18 36 
58 65 
0 13 
10 53 
10 41 
4 26 
20 34 
3 36 
10 32 
6 18 
7 16 
23 36 
0 17 
67 69 
23 42 
4 40 
16 51 
17 25 
7 27 
1 30 
17 36 
6 22 
8 26 
5 34 
12 39 
6 40 
18 36 
56 58 
4 37 
21 28 
0 9 
6 41 
20 30 
3 37 
1 23 
16 37 
0 27 
3 40 
2 40 
3 20 
5 30 
0 54 
10 49 
0 28 
57 63 
2 27 
0 14 
16 34 
10 41 
8 52 
3 14 
3 53 
54 64 
5 45 
4 46 
1 40 
1 53 
9 12 
17 42 
13 53 
55 62 
16 25 
2 43 
7 19 
22 40 
18 40 
9 48 
14 45 
9 18 
8 53 
5 44 
2 11 
17 36 
21 41 
4 27 
13 35 
16 42 
5 19 
13 39 
19 51 
7 17 
13 38 
22 26 
61 66 
4 43 
12 31 
58 64 
16 48 
1 25 
19 35 
3 25 
20 50 
20 36 
6 11 
1 27 
13 53 
4 48 
11 31 
23 28 
3 36 
16 23 
10 39 
11 35 
55 69 
7 39 
9 19 
19 22 
5 15 
14 49 
7 20 
8 44 
8 34 
1 31 
9 24 
60 64 
18 43 
0 56 
3 17 
57 62 
15 45 
11 44 
22 46 
6 47 
63 64 
13 41 
8 44 
57 67 
12 49 
3 21 
2 51 
8 20 
15 34 
55 61 
9 37 
4 31 
16 42 
66 68 
5 14 
21 40 
15 48 
5 22 
6 16 
7 28 
9 44 
6 20 
23 38 
16 41 
10 22 
18 46 
1 39 
0 64 
4 23 
22 50 
20 43 
4 33 
2 16 
14 45 
9 35 
58 66 
14 25 
6 37 
15 30 
12 29 
0 9 
9 36 
63 66 
15 52 
14 30 
11 35 
22 25 
21 28 
16 53 
14 32 
6 34 
10 32 
63 67 
18 24 
12 42 
56 67 
20 32 
19 35 
1 41 
23 39 
19 46 
9 52 
20 41 
23 51 
55 64 
6 42 
20 34 
7 35 
8 43 
5 41 
2 22 
64 66 
13 48 
13 42 
15 38 
56 67 
0 7 
9 11 
54 58 
7 29 
15 37 
19 24 
23 49 
63 69 
54 62 
0 25 
6 40 
18 43 
19 33 
14 29 
16 45 
15 20 
18 33 
16 20 
1 36 
10 17 
56 58 
5 34 
9 24 
59 69 
2 43 
10 20 
57 59 
62 63 
17 49 
6 27 
16 43 
21 46 
13 39 
1 17 
3 51 
14 47 
55 65 
18 42 
57 69 
1 33 
12 29 
3 33 
3 20 
16 45 
8 50 
10 27 
61 64 
59 64 
7 37 
9 36 
3 51 
16 34 
0 51 
0 4 
7 40 
2 39 
0 24 
21 48 
6 40 
64 67 
6 21 
11 39 
56 57 
63 66 
4 31 
13 53 
8 16 
0 55 
7 40 
19 34 
1 51 
2 47 
8 50 
7 44 
21 25 
16 52 
6 38 
9 37 
15 44 
1 24 
8 52 
18 36 
5 49 
54 55 
2 44 
19 49 
60 64 
4 36 
3 45 
0 57 
22 41 
9 22 
19 38 
8 28 
5 32 
63 65 
54 68 
5 15 
22 44 
18 40 
54 58 
22 43 
19 20 
20 51 
68 69 
2 26 
4 16 
3 27 
21 27 
14 21 
12 51 
8 48 
12 34 
