1 2 
1 3 
1 4 
1 5 
1 6 
1 7 
1 8 
1 9 
1 10 
1 11 
1 12 
1 13 
1 14 
1 15 
1 16 
1 17 
1 18 
1 19 
1 20 
2 3 
2 4 
2 5 
2 6 
2 7 
2 8 
2 9 
2 10 
2 11 
2 12 
2 13 
2 14 
2 15 
2 16 
2 17 
2 18 
2 19 
2 20 
3 4 
3 5 
3 6 
3 7 
3 8 
3 9 
3 10 
3 11 
3 12 
3 13 
3 14 
3 15 
3 16 
3 17 
3 18 
3 19 
3 20 
4 5 
4 6 
4 7 
4 8 
4 9 
4 10 
4 11 
4 12 
4 13 
4 14 
4 15 
4 16 
4 17 
4 18 
4 19 
4 20 
5 6 
5 7 
5 8 
5 9 
5 10 
5 11 
5 12 
5 13 
5 14 
5 15 
5 16 
5 17 
5 18 
5 19 
5 20 
6 7 
6 8 
6 9 
6 10 
6 11 
6 12 
6 13 
6 14 
6 15 
6 16 
6 17 
6 18 
6 19 
6 20 
7 8 
7 9 
7 10 
7 11 
7 12 
7 13 
7 14 
7 15 
7 16 
7 17 
7 18 
7 19 
7 20 
8 9 
8 10 
8 11 
8 12 
8 13 
8 14 
8 15 
8 16 
8 17 
8 18 
8 19 
8 20 
9 10 
9 11 
9 12 
9 13 
9 14 
9 15 
9 16 
9 17 
9 18 
9 19 
9 20 
10 11 
10 12 
10 13 
10 14 
10 15 
10 16 
10 17 
10 18 
10 19 
10 20 
11 12 
11 13 
11 14 
11 15 
11 16 
11 17 
11 18 
11 19 
11 20 
12 13 
12 14 
12 15 
12 16 
12 17 
12 18 
12 19 
12 20 
13 14 
13 15 
13 16 
13 17 
13 18 
13 19 
13 20 
14 15 
14 16 
14 17 
14 18 
14 19 
14 20 
15 16 
15 17 
15 18 
15 19 
15 20 
16 17 
16 18 
16 19 
16 20 
17 18 
17 19 
17 20 
18 19 
18 20 
19 20 
29 84 
87 90 
69 79 
28 93 
13 84 
35 50 
85 87 
5 91 
34 89 
23 68 
50 78 
84 98 
47 66 
55 82 
33 40 
32 36 
20 24 
35 62 
30 48 
52 64 
28 100 
21 90 
57 71 
13 84 
19 34 
59 77 
9 59 
46 64 
62 97 
64 100 
42 89 
25 55 
10 27 
91 98 
4 97 
1 94 
94 96 
36 82 
35 81 
42 65 
57 96 
28 78 
28 56 
14 96 
5 59 
36 56 
12 43 
30 80 
72 96 
60 67 
1 62 
10 99 
10 40 
30 60 
35 42 
50 70 
85 89 
40 56 
19 30 
22 28 
14 62 
45 98 
25 77 
12 57 
38 46 
36 43 
27 51 
23 32 
66 68 
31 84 
10 82 
13 31 
7 45 
43 85 
57 61 
63 87 
64 66 
39 85 
47 69 
47 77 
29 67 
18 81 
34 69 
6 63 
20 100 
64 81 
93 95 
20 74 
60 96 
41 54 
5 63 
25 83 
54 56 
10 76 
9 25 
15 52 
1 89 
27 62 
24 26 
12 74 
66 97 
19 33 
47 100 
66 80 
6 90 
23 78 
13 61 
64 73 
7 80 
77 94 
24 83 
37 50 
58 73 
2 36 
30 61 
35 67 
35 80 
17 68 
10 95 
2 68 
91 92 
52 97 
37 38 
83 97 
35 47 
2 72 
17 99 
53 98 
31 65 
48 92 
40 72 
52 90 
10 24 
72 95 
40 50 
66 94 
92 100 
1 25 
2 92 
61 97 
4 60 
34 80 
3 29 
82 92 
21 49 
32 94 
6 60 
53 76 
23 38 
15 32 
68 97 
28 86 
48 49 
75 88 
85 95 
18 54 
95 96 
37 50 
36 79 
25 54 
72 90 
52 78 
7 74 
19 44 
34 87 
79 89 
12 73 
93 98 
5 63 
28 99 
75 93 
92 94 
1 51 
69 99 
18 67 
36 57 
25 95 
40 53 
19 91 
20 57 
46 63 
69 79 
34 47 
61 75 
88 92 
7 83 
72 78 
2 58 
47 62 
25 33 
22 99 
43 51 
22 91 
21 25 
4 81 
39 89 
46 92 
14 76 
18 88 
12 98 
76 95 
51 77 
22 62 
62 95 
41 51 
27 39 
58 92 
63 99 
62 84 
33 62 
1 79 
9 89 
28 31 
1 67 
57 74 
34 64 
23 92 
36 43 
21 63 
44 49 
1 61 
16 25 
15 36 
13 95 
52 56 
75 92 
36 40 
12 96 
12 75 
4 80 
63 92 
51 84 
62 77 
30 85 
70 73 
62 91 
27 42 
17 56 
