1 2 
1 3 
1 4 
1 5 
1 6 
1 7 
1 8 
1 9 
1 10 
1 11 
1 12 
1 13 
1 14 
1 15 
1 16 
1 17 
1 18 
1 19 
1 20 
1 21 
1 22 
1 23 
1 24 
1 25 
1 26 
1 27 
1 28 
1 29 
1 30 
1 31 
1 32 
1 33 
1 34 
1 35 
1 36 
1 37 
1 38 
1 39 
1 40 
1 41 
1 42 
1 43 
1 44 
2 3 
2 4 
2 5 
2 6 
2 7 
2 8 
2 9 
2 10 
2 11 
2 12 
2 13 
2 14 
2 15 
2 16 
2 17 
2 18 
2 19 
2 20 
2 21 
2 22 
2 23 
2 24 
2 25 
2 26 
2 27 
2 28 
2 29 
2 30 
2 31 
2 32 
2 33 
2 34 
2 35 
2 36 
2 37 
2 38 
2 39 
2 40 
2 41 
2 42 
2 43 
2 44 
3 4 
3 5 
3 6 
3 7 
3 8 
3 9 
3 10 
3 11 
3 12 
3 13 
3 14 
3 15 
3 16 
3 17 
3 18 
3 19 
3 20 
3 21 
3 22 
3 23 
3 24 
3 25 
3 26 
3 27 
3 28 
3 29 
3 30 
3 31 
3 32 
3 33 
3 34 
3 35 
3 36 
3 37 
3 38 
3 39 
3 40 
3 41 
3 42 
3 43 
3 44 
4 5 
4 6 
4 7 
4 8 
4 9 
4 10 
4 11 
4 12 
4 13 
4 14 
4 15 
4 16 
4 17 
4 18 
4 19 
4 20 
4 21 
4 22 
4 23 
4 24 
4 25 
4 26 
4 27 
4 28 
4 29 
4 30 
4 31 
4 32 
4 33 
4 34 
4 35 
4 36 
4 37 
4 38 
4 39 
4 40 
4 41 
4 42 
4 43 
4 44 
5 6 
5 7 
5 8 
5 9 
5 10 
5 11 
5 12 
5 13 
5 14 
5 15 
5 16 
5 17 
5 18 
5 19 
5 20 
5 21 
5 22 
5 23 
5 24 
5 25 
5 26 
5 27 
5 28 
5 29 
5 30 
5 31 
5 32 
5 33 
5 34 
5 35 
5 36 
5 37 
5 38 
5 39 
5 40 
5 41 
5 42 
5 43 
5 44 
6 7 
6 8 
6 9 
6 10 
6 11 
6 12 
6 13 
6 14 
6 15 
6 16 
6 17 
6 18 
6 19 
6 20 
6 21 
6 22 
6 23 
6 24 
6 25 
6 26 
6 27 
6 28 
6 29 
6 30 
6 31 
6 32 
6 33 
6 34 
6 35 
6 36 
6 37 
6 38 
6 39 
6 40 
6 41 
6 42 
6 43 
6 44 
7 8 
7 9 
7 10 
7 11 
7 12 
7 13 
7 14 
7 15 
7 16 
7 17 
7 18 
7 19 
7 20 
7 21 
7 22 
7 23 
7 24 
7 25 
7 26 
7 27 
7 28 
7 29 
7 30 
7 31 
7 32 
7 33 
7 34 
7 35 
7 36 
7 37 
7 38 
7 39 
7 40 
7 41 
7 42 
7 43 
7 44 
8 9 
8 10 
8 11 
8 12 
8 13 
8 14 
8 15 
8 16 
8 17 
8 18 
8 19 
8 20 
8 21 
8 22 
8 23 
8 24 
8 25 
8 26 
8 27 
8 28 
8 29 
8 30 
8 31 
8 32 
8 33 
8 34 
8 35 
8 36 
8 37 
8 38 
8 39 
8 40 
8 41 
8 42 
8 43 
8 44 
9 10 
9 11 
9 12 
9 13 
9 14 
9 15 
9 16 
9 17 
9 18 
9 19 
9 20 
9 21 
9 22 
9 23 
9 24 
9 25 
9 26 
9 27 
9 28 
9 29 
9 30 
9 31 
9 32 
9 33 
9 34 
9 35 
9 36 
9 37 
9 38 
9 39 
9 40 
9 41 
9 42 
9 43 
9 44 
10 11 
10 12 
10 13 
10 14 
10 15 
10 16 
10 17 
10 18 
10 19 
10 20 
10 21 
10 22 
10 23 
10 24 
10 25 
10 26 
10 27 
10 28 
10 29 
10 30 
10 31 
10 32 
10 33 
10 34 
10 35 
10 36 
10 37 
10 38 
10 39 
10 40 
10 41 
10 42 
10 43 
10 44 
11 12 
11 13 
11 14 
11 15 
11 16 
11 17 
11 18 
11 19 
11 20 
11 21 
11 22 
11 23 
11 24 
11 25 
11 26 
11 27 
11 28 
11 29 
11 30 
11 31 
11 32 
11 33 
11 34 
11 35 
11 36 
11 37 
11 38 
11 39 
11 40 
11 41 
11 42 
11 43 
11 44 
12 13 
12 14 
12 15 
12 16 
12 17 
12 18 
12 19 
12 20 
12 21 
12 22 
12 23 
12 24 
12 25 
12 26 
12 27 
12 28 
12 29 
12 30 
12 31 
12 32 
12 33 
12 34 
12 35 
12 36 
12 37 
12 38 
12 39 
12 40 
12 41 
12 42 
12 43 
12 44 
13 14 
13 15 
13 16 
13 17 
13 18 
13 19 
13 20 
13 21 
13 22 
13 23 
13 24 
13 25 
13 26 
13 27 
13 28 
13 29 
13 30 
13 31 
13 32 
13 33 
13 34 
13 35 
13 36 
13 37 
13 38 
13 39 
13 40 
13 41 
13 42 
13 43 
13 44 
14 15 
14 16 
14 17 
14 18 
14 19 
14 20 
14 21 
14 22 
14 23 
14 24 
14 25 
14 26 
14 27 
14 28 
14 29 
14 30 
14 31 
14 32 
14 33 
14 34 
14 35 
14 36 
14 37 
14 38 
14 39 
14 40 
14 41 
14 42 
14 43 
14 44 
15 16 
15 17 
15 18 
15 19 
15 20 
15 21 
15 22 
15 23 
15 24 
15 25 
15 26 
15 27 
15 28 
15 29 
15 30 
15 31 
15 32 
15 33 
15 34 
15 35 
15 36 
15 37 
15 38 
15 39 
15 40 
15 41 
15 42 
15 43 
15 44 
16 17 
16 18 
16 19 
16 20 
16 21 
16 22 
16 23 
16 24 
16 25 
16 26 
16 27 
16 28 
16 29 
16 30 
16 31 
16 32 
16 33 
16 34 
16 35 
16 36 
16 37 
16 38 
16 39 
16 40 
16 41 
16 42 
16 43 
16 44 
17 18 
17 19 
17 20 
17 21 
17 22 
17 23 
17 24 
17 25 
17 26 
17 27 
17 28 
17 29 
17 30 
17 31 
17 32 
17 33 
17 34 
17 35 
17 36 
17 37 
17 38 
17 39 
17 40 
17 41 
17 42 
17 43 
17 44 
18 19 
18 20 
18 21 
18 22 
18 23 
18 24 
18 25 
18 26 
18 27 
18 28 
18 29 
18 30 
18 31 
18 32 
18 33 
18 34 
18 35 
18 36 
18 37 
18 38 
18 39 
18 40 
18 41 
18 42 
18 43 
18 44 
19 20 
19 21 
19 22 
19 23 
19 24 
19 25 
19 26 
19 27 
19 28 
19 29 
19 30 
19 31 
19 32 
19 33 
19 34 
19 35 
19 36 
19 37 
19 38 
19 39 
19 40 
19 41 
19 42 
19 43 
19 44 
20 21 
20 22 
20 23 
20 24 
20 25 
20 26 
20 27 
20 28 
20 29 
20 30 
20 31 
20 32 
20 33 
20 34 
20 35 
20 36 
20 37 
20 38 
20 39 
20 40 
20 41 
20 42 
20 43 
20 44 
21 22 
21 23 
21 24 
21 25 
21 26 
21 27 
21 28 
21 29 
21 30 
21 31 
21 32 
21 33 
21 34 
21 35 
21 36 
21 37 
21 38 
21 39 
21 40 
21 41 
21 42 
21 43 
21 44 
22 23 
22 24 
22 25 
22 26 
22 27 
22 28 
22 29 
22 30 
22 31 
22 32 
22 33 
22 34 
22 35 
22 36 
22 37 
22 38 
22 39 
22 40 
22 41 
22 42 
22 43 
22 44 
23 24 
23 25 
23 26 
23 27 
23 28 
23 29 
23 30 
23 31 
23 32 
23 33 
23 34 
23 35 
23 36 
23 37 
23 38 
23 39 
23 40 
23 41 
23 42 
23 43 
23 44 
24 25 
24 26 
24 27 
24 28 
24 29 
24 30 
24 31 
24 32 
24 33 
24 34 
24 35 
24 36 
24 37 
24 38 
24 39 
24 40 
24 41 
24 42 
24 43 
24 44 
25 26 
25 27 
25 28 
25 29 
25 30 
25 31 
25 32 
25 33 
25 34 
25 35 
25 36 
25 37 
25 38 
25 39 
25 40 
25 41 
25 42 
25 43 
25 44 
26 27 
26 28 
26 29 
26 30 
26 31 
26 32 
26 33 
26 34 
26 35 
26 36 
26 37 
26 38 
26 39 
26 40 
26 41 
26 42 
26 43 
26 44 
27 28 
27 29 
27 30 
27 31 
27 32 
27 33 
27 34 
27 35 
27 36 
27 37 
27 38 
27 39 
27 40 
27 41 
27 42 
27 43 
27 44 
28 29 
28 30 
28 31 
28 32 
28 33 
28 34 
28 35 
28 36 
28 37 
28 38 
28 39 
28 40 
28 41 
28 42 
28 43 
28 44 
29 30 
29 31 
29 32 
29 33 
29 34 
29 35 
29 36 
29 37 
29 38 
29 39 
29 40 
29 41 
29 42 
29 43 
29 44 
30 31 
30 32 
30 33 
30 34 
30 35 
30 36 
30 37 
30 38 
30 39 
30 40 
30 41 
30 42 
30 43 
30 44 
31 32 
31 33 
31 34 
31 35 
31 36 
31 37 
31 38 
31 39 
31 40 
31 41 
31 42 
31 43 
31 44 
32 33 
32 34 
32 35 
32 36 
32 37 
32 38 
32 39 
32 40 
32 41 
32 42 
32 43 
32 44 
33 34 
33 35 
33 36 
33 37 
33 38 
33 39 
33 40 
33 41 
33 42 
33 43 
33 44 
34 35 
34 36 
34 37 
34 38 
34 39 
34 40 
34 41 
34 42 
34 43 
34 44 
35 36 
35 37 
35 38 
35 39 
35 40 
35 41 
35 42 
35 43 
35 44 
36 37 
36 38 
36 39 
36 40 
36 41 
36 42 
36 43 
36 44 
37 38 
37 39 
37 40 
37 41 
37 42 
37 43 
37 44 
38 39 
38 40 
38 41 
38 42 
38 43 
38 44 
39 40 
39 41 
39 42 
39 43 
39 44 
40 41 
40 42 
40 43 
40 44 
41 42 
41 43 
41 44 
42 43 
42 44 
43 44 
50 65 
76 86 
47 95 
71 80 
69 78 
60 82 
48 96 
54 66 
47 49 
59 97 
68 92 
45 53 
77 80 
87 90 
82 83 
77 98 
58 75 
48 99 
57 62 
73 94 
52 83 
80 87 
54 56 
56 61 
56 86 
68 77 
51 55 
56 89 
56 78 
92 96 
63 86 
83 88 
48 79 
76 93 
56 68 
67 88 
58 92 
68 94 
53 70 
79 92 
58 74 
67 95 
77 89 
46 58 
70 79 
46 80 
59 78 
88 99 
50 54 
84 99 
52 69 
55 81 
63 87 
85 100 
64 86 
74 92 
50 69 
50 61 
56 87 
58 88 
71 89 
73 85 
81 92 
74 80 
49 93 
71 96 
60 90 
54 83 
60 95 
56 68 
72 76 
48 69 
51 79 
47 55 
85 99 
82 95 
52 93 
54 91 
69 96 
52 88 
80 86 
64 65 
47 65 
71 75 
57 85 
63 64 
51 64 
69 80 
49 78 
83 94 
87 92 
50 97 
49 80 
84 99 
45 89 
55 99 
46 55 
81 88 
51 79 
89 90 
45 77 
53 76 
69 96 
80 96 
57 68 
78 89 
56 82 
51 98 
53 94 
63 78 
57 86 
90 91 
65 67 
48 69 
58 65 
46 51 
45 83 
59 69 
60 100 
62 100 
71 81 
67 80 
64 76 
47 95 
85 99 
76 91 
72 80 
75 93 
54 67 
85 97 
61 94 
49 91 
51 64 
45 52 
56 90 
49 99 
73 74 
76 88 
69 76 
83 85 
46 72 
46 48 
51 74 
51 97 
67 100 
93 96 
50 77 
60 93 
64 78 
52 59 
54 74 
54 56 
48 59 
50 51 
75 80 
66 67 
55 62 
47 95 
76 94 
55 99 
55 62 
53 98 
70 82 
88 93 
60 68 
49 85 
76 89 
71 83 
64 96 
45 57 
59 85 
55 64 
74 97 
96 99 
47 63 
82 100 
46 84 
78 85 
91 95 
57 95 
75 79 
67 77 
73 96 
52 92 
72 76 
51 64 
62 63 
49 51 
77 98 
60 90 
47 71 
52 72 
79 86 
49 93 
85 96 
64 98 
52 74 
51 94 
55 90 
66 96 
86 96 
52 65 
62 75 
78 88 
88 95 
76 99 
76 94 
93 97 
65 96 
90 98 
86 91 
63 73 
57 69 
66 77 
86 89 
57 86 
68 97 
82 85 
55 64 
84 89 
70 78 
47 77 
50 78 
73 98 
86 88 
62 98 
50 66 
62 90 
59 90 
82 85 
74 86 
68 85 
66 98 
59 69 
70 83 
74 80 
64 83 
47 78 
52 93 
55 59 
53 59 
52 68 
53 98 
51 71 
63 80 
63 75 
54 72 
48 60 
46 59 
80 98 
97 100 
67 73 
79 90 
57 76 
70 75 
67 91 
50 89 
63 91 
47 62 
88 94 
84 88 
58 89 
57 93 
61 89 
57 69 
61 92 
55 87 
51 82 
89 91 
81 96 
84 96 
52 97 
54 71 
49 77 
60 96 
73 92 
46 62 
91 99 
49 70 
64 75 
87 89 
59 66 
49 98 
52 96 
47 49 
63 99 
55 77 
54 94 
61 84 
62 66 
70 96 
81 91 
74 94 
60 80 
54 80 
61 84 
56 79 
70 76 
47 58 
46 88 
81 99 
65 97 
45 71 
69 74 
52 72 
70 94 
60 71 
71 85 
71 85 
74 91 
46 69 
48 73 
58 99 
48 88 
47 76 
57 68 
69 70 
53 60 
79 89 
81 84 
68 84 
58 97 
50 55 
82 97 
80 100 
66 77 
58 67 
45 77 
65 95 
78 90 
70 87 
58 78 
54 92 
59 81 
52 59 
62 92 
49 72 
60 65 
63 85 
63 86 
58 69 
83 91 
67 99 
46 100 
78 96 
70 79 
54 71 
52 83 
48 98 
72 100 
63 94 
87 98 
77 99 
72 99 
66 75 
47 82 
70 75 
46 59 
49 93 
62 94 
46 75 
70 76 
56 72 
46 49 
65 97 
65 77 
49 99 
77 84 
71 78 
83 91 
56 83 
73 91 
48 94 
49 76 
80 83 
77 81 
63 68 
56 66 
46 50 
67 69 
67 89 
92 95 
59 66 
90 97 
60 63 
51 89 
75 82 
78 81 
52 87 
51 75 
78 82 
52 99 
58 85 
58 90 
61 84 
51 57 
65 93 
82 84 
74 75 
46 68 
54 75 
65 92 
83 95 
45 69 
46 99 
93 95 
46 81 
58 86 
73 91 
47 55 
48 68 
66 97 
49 54 
85 99 
99 100 
56 73 
57 97 
66 80 
50 96 
77 98 
56 72 
57 70 
53 91 
58 69 
49 57 
53 58 
46 95 
84 97 
60 89 
58 95 
46 77 
54 84 
48 87 
68 82 
95 96 
88 94 
64 78 
85 98 
64 78 
47 95 
53 68 
52 54 
46 62 
48 58 
71 84 
81 87 
72 100 
52 83 
52 73 
65 89 
63 78 
54 96 
57 83 
64 97 
51 58 
51 98 
85 89 
51 100 
81 85 
55 68 
47 73 
85 87 
66 99 
83 84 
70 79 
65 88 
45 88 
59 95 
70 93 
53 57 
84 100 
50 74 
63 90 
64 73 
58 92 
58 77 
65 92 
62 84 
45 88 
46 71 
51 86 
46 68 
93 99 
55 58 
51 100 
60 81 
69 71 
67 80 
55 75 
53 97 
69 83 
49 95 
60 61 
63 78 
60 88 
77 98 
65 77 
59 91 
82 97 
65 78 
52 72 
72 92 
67 99 
73 90 
69 88 
51 78 
74 93 
55 79 
69 73 
48 63 
54 98 
78 89 
79 82 
48 75 
53 89 
53 76 
49 74 
47 82 
57 82 
73 93 
60 85 
78 98 
48 53 
50 58 
56 87 
51 78 
71 93 
76 83 
66 78 
68 98 
60 96 
60 72 
48 100 
69 95 
75 90 
77 94 
45 96 
70 85 
52 66 
53 99 
60 66 
47 60 
61 76 
67 71 
58 100 
65 78 
73 93 
57 96 
46 57 
81 89 
66 80 
75 89 
66 90 
46 61 
94 99 
57 59 
77 86 
58 74 
45 54 
95 99 
67 99 
64 70 
45 51 
78 96 
46 84 
49 63 
49 71 
69 89 
53 93 
78 100 
47 53 
61 98 
50 60 
65 82 
69 83 
58 99 
76 94 
52 76 
47 80 
47 89 
89 99 
79 82 
54 75 
61 85 
52 80 
49 80 
48 71 
49 90 
49 97 
66 80 
59 66 
47 73 
67 81 
50 89 
48 82 
87 97 
74 80 
48 58 
53 68 
75 92 
85 100 
70 98 
87 92 
79 89 
52 86 
85 88 
57 66 
78 98 
61 69 
65 87 
70 90 
53 86 
61 86 
60 92 
62 97 
53 55 
76 93 
59 62 
45 61 
57 100 
61 94 
86 90 
49 85 
60 70 
74 96 
50 82 
53 93 
81 88 
49 84 
76 91 
57 64 
54 69 
82 100 
92 94 
59 69 
46 48 
51 73 
53 77 
59 63 
49 57 
49 74 
82 88 
59 85 
47 57 
65 97 
75 98 
53 64 
70 92 
96 100 
64 95 
66 73 
67 87 
57 74 
61 72 
78 99 
57 66 
86 100 
79 90 
67 84 
48 50 
65 85 
49 59 
79 91 
63 98 
51 73 
46 93 
83 100 
93 99 
46 56 
73 76 
55 64 
50 71 
57 67 
48 74 
80 99 
79 85 
81 83 
61 71 
48 89 
47 95 
60 93 
45 77 
87 92 
87 88 
49 87 
61 72 
99 100 
59 100 
56 84 
54 84 
84 92 
54 77 
61 78 
76 97 
80 86 
79 99 
64 74 
65 71 
49 63 
60 69 
63 68 
64 69 
49 56 
53 80 
60 70 
48 79 
70 99 
61 99 
59 75 
57 72 
73 95 
79 83 
92 99 
48 85 
65 97 
97 99 
76 78 
75 87 
81 90 
66 70 
52 83 
45 100 
58 61 
49 63 
69 87 
69 100 
93 100 
51 56 
61 98 
81 98 
62 66 
76 99 
57 92 
81 89 
73 87 
62 73 
48 91 
71 72 
61 77 
58 91 
59 88 
72 86 
58 99 
48 72 
63 64 
60 100 
48 72 
46 97 
77 79 
63 93 
53 83 
58 98 
54 91 
77 100 
46 50 
51 67 
45 70 
49 57 
53 96 
57 74 
52 72 
77 90 
48 96 
74 97 
51 95 
76 96 
58 76 
69 92 
51 70 
55 99 
