1 2 
1 3 
1 4 
1 5 
1 6 
1 7 
1 8 
1 9 
1 10 
1 11 
1 12 
1 13 
1 14 
1 15 
1 16 
1 17 
1 18 
1 19 
1 20 
1 21 
1 22 
1 23 
1 24 
1 25 
1 26 
1 27 
1 28 
1 29 
1 30 
1 31 
1 32 
1 33 
1 34 
1 35 
1 36 
1 37 
1 38 
1 39 
1 40 
1 41 
1 42 
1 43 
1 44 
2 3 
2 4 
2 5 
2 6 
2 7 
2 8 
2 9 
2 10 
2 11 
2 12 
2 13 
2 14 
2 15 
2 16 
2 17 
2 18 
2 19 
2 20 
2 21 
2 22 
2 23 
2 24 
2 25 
2 26 
2 27 
2 28 
2 29 
2 30 
2 31 
2 32 
2 33 
2 34 
2 35 
2 36 
2 37 
2 38 
2 39 
2 40 
2 41 
2 42 
2 43 
2 44 
3 4 
3 5 
3 6 
3 7 
3 8 
3 9 
3 10 
3 11 
3 12 
3 13 
3 14 
3 15 
3 16 
3 17 
3 18 
3 19 
3 20 
3 21 
3 22 
3 23 
3 24 
3 25 
3 26 
3 27 
3 28 
3 29 
3 30 
3 31 
3 32 
3 33 
3 34 
3 35 
3 36 
3 37 
3 38 
3 39 
3 40 
3 41 
3 42 
3 43 
3 44 
4 5 
4 6 
4 7 
4 8 
4 9 
4 10 
4 11 
4 12 
4 13 
4 14 
4 15 
4 16 
4 17 
4 18 
4 19 
4 20 
4 21 
4 22 
4 23 
4 24 
4 25 
4 26 
4 27 
4 28 
4 29 
4 30 
4 31 
4 32 
4 33 
4 34 
4 35 
4 36 
4 37 
4 38 
4 39 
4 40 
4 41 
4 42 
4 43 
4 44 
5 6 
5 7 
5 8 
5 9 
5 10 
5 11 
5 12 
5 13 
5 14 
5 15 
5 16 
5 17 
5 18 
5 19 
5 20 
5 21 
5 22 
5 23 
5 24 
5 25 
5 26 
5 27 
5 28 
5 29 
5 30 
5 31 
5 32 
5 33 
5 34 
5 35 
5 36 
5 37 
5 38 
5 39 
5 40 
5 41 
5 42 
5 43 
5 44 
6 7 
6 8 
6 9 
6 10 
6 11 
6 12 
6 13 
6 14 
6 15 
6 16 
6 17 
6 18 
6 19 
6 20 
6 21 
6 22 
6 23 
6 24 
6 25 
6 26 
6 27 
6 28 
6 29 
6 30 
6 31 
6 32 
6 33 
6 34 
6 35 
6 36 
6 37 
6 38 
6 39 
6 40 
6 41 
6 42 
6 43 
6 44 
7 8 
7 9 
7 10 
7 11 
7 12 
7 13 
7 14 
7 15 
7 16 
7 17 
7 18 
7 19 
7 20 
7 21 
7 22 
7 23 
7 24 
7 25 
7 26 
7 27 
7 28 
7 29 
7 30 
7 31 
7 32 
7 33 
7 34 
7 35 
7 36 
7 37 
7 38 
7 39 
7 40 
7 41 
7 42 
7 43 
7 44 
8 9 
8 10 
8 11 
8 12 
8 13 
8 14 
8 15 
8 16 
8 17 
8 18 
8 19 
8 20 
8 21 
8 22 
8 23 
8 24 
8 25 
8 26 
8 27 
8 28 
8 29 
8 30 
8 31 
8 32 
8 33 
8 34 
8 35 
8 36 
8 37 
8 38 
8 39 
8 40 
8 41 
8 42 
8 43 
8 44 
9 10 
9 11 
9 12 
9 13 
9 14 
9 15 
9 16 
9 17 
9 18 
9 19 
9 20 
9 21 
9 22 
9 23 
9 24 
9 25 
9 26 
9 27 
9 28 
9 29 
9 30 
9 31 
9 32 
9 33 
9 34 
9 35 
9 36 
9 37 
9 38 
9 39 
9 40 
9 41 
9 42 
9 43 
9 44 
10 11 
10 12 
10 13 
10 14 
10 15 
10 16 
10 17 
10 18 
10 19 
10 20 
10 21 
10 22 
10 23 
10 24 
10 25 
10 26 
10 27 
10 28 
10 29 
10 30 
10 31 
10 32 
10 33 
10 34 
10 35 
10 36 
10 37 
10 38 
10 39 
10 40 
10 41 
10 42 
10 43 
10 44 
11 12 
11 13 
11 14 
11 15 
11 16 
11 17 
11 18 
11 19 
11 20 
11 21 
11 22 
11 23 
11 24 
11 25 
11 26 
11 27 
11 28 
11 29 
11 30 
11 31 
11 32 
11 33 
11 34 
11 35 
11 36 
11 37 
11 38 
11 39 
11 40 
11 41 
11 42 
11 43 
11 44 
12 13 
12 14 
12 15 
12 16 
12 17 
12 18 
12 19 
12 20 
12 21 
12 22 
12 23 
12 24 
12 25 
12 26 
12 27 
12 28 
12 29 
12 30 
12 31 
12 32 
12 33 
12 34 
12 35 
12 36 
12 37 
12 38 
12 39 
12 40 
12 41 
12 42 
12 43 
12 44 
13 14 
13 15 
13 16 
13 17 
13 18 
13 19 
13 20 
13 21 
13 22 
13 23 
13 24 
13 25 
13 26 
13 27 
13 28 
13 29 
13 30 
13 31 
13 32 
13 33 
13 34 
13 35 
13 36 
13 37 
13 38 
13 39 
13 40 
13 41 
13 42 
13 43 
13 44 
14 15 
14 16 
14 17 
14 18 
14 19 
14 20 
14 21 
14 22 
14 23 
14 24 
14 25 
14 26 
14 27 
14 28 
14 29 
14 30 
14 31 
14 32 
14 33 
14 34 
14 35 
14 36 
14 37 
14 38 
14 39 
14 40 
14 41 
14 42 
14 43 
14 44 
15 16 
15 17 
15 18 
15 19 
15 20 
15 21 
15 22 
15 23 
15 24 
15 25 
15 26 
15 27 
15 28 
15 29 
15 30 
15 31 
15 32 
15 33 
15 34 
15 35 
15 36 
15 37 
15 38 
15 39 
15 40 
15 41 
15 42 
15 43 
15 44 
16 17 
16 18 
16 19 
16 20 
16 21 
16 22 
16 23 
16 24 
16 25 
16 26 
16 27 
16 28 
16 29 
16 30 
16 31 
16 32 
16 33 
16 34 
16 35 
16 36 
16 37 
16 38 
16 39 
16 40 
16 41 
16 42 
16 43 
16 44 
17 18 
17 19 
17 20 
17 21 
17 22 
17 23 
17 24 
17 25 
17 26 
17 27 
17 28 
17 29 
17 30 
17 31 
17 32 
17 33 
17 34 
17 35 
17 36 
17 37 
17 38 
17 39 
17 40 
17 41 
17 42 
17 43 
17 44 
18 19 
18 20 
18 21 
18 22 
18 23 
18 24 
18 25 
18 26 
18 27 
18 28 
18 29 
18 30 
18 31 
18 32 
18 33 
18 34 
18 35 
18 36 
18 37 
18 38 
18 39 
18 40 
18 41 
18 42 
18 43 
18 44 
19 20 
19 21 
19 22 
19 23 
19 24 
19 25 
19 26 
19 27 
19 28 
19 29 
19 30 
19 31 
19 32 
19 33 
19 34 
19 35 
19 36 
19 37 
19 38 
19 39 
19 40 
19 41 
19 42 
19 43 
19 44 
20 21 
20 22 
20 23 
20 24 
20 25 
20 26 
20 27 
20 28 
20 29 
20 30 
20 31 
20 32 
20 33 
20 34 
20 35 
20 36 
20 37 
20 38 
20 39 
20 40 
20 41 
20 42 
20 43 
20 44 
21 22 
21 23 
21 24 
21 25 
21 26 
21 27 
21 28 
21 29 
21 30 
21 31 
21 32 
21 33 
21 34 
21 35 
21 36 
21 37 
21 38 
21 39 
21 40 
21 41 
21 42 
21 43 
21 44 
22 23 
22 24 
22 25 
22 26 
22 27 
22 28 
22 29 
22 30 
22 31 
22 32 
22 33 
22 34 
22 35 
22 36 
22 37 
22 38 
22 39 
22 40 
22 41 
22 42 
22 43 
22 44 
23 24 
23 25 
23 26 
23 27 
23 28 
23 29 
23 30 
23 31 
23 32 
23 33 
23 34 
23 35 
23 36 
23 37 
23 38 
23 39 
23 40 
23 41 
23 42 
23 43 
23 44 
24 25 
24 26 
24 27 
24 28 
24 29 
24 30 
24 31 
24 32 
24 33 
24 34 
24 35 
24 36 
24 37 
24 38 
24 39 
24 40 
24 41 
24 42 
24 43 
24 44 
25 26 
25 27 
25 28 
25 29 
25 30 
25 31 
25 32 
25 33 
25 34 
25 35 
25 36 
25 37 
25 38 
25 39 
25 40 
25 41 
25 42 
25 43 
25 44 
26 27 
26 28 
26 29 
26 30 
26 31 
26 32 
26 33 
26 34 
26 35 
26 36 
26 37 
26 38 
26 39 
26 40 
26 41 
26 42 
26 43 
26 44 
27 28 
27 29 
27 30 
27 31 
27 32 
27 33 
27 34 
27 35 
27 36 
27 37 
27 38 
27 39 
27 40 
27 41 
27 42 
27 43 
27 44 
28 29 
28 30 
28 31 
28 32 
28 33 
28 34 
28 35 
28 36 
28 37 
28 38 
28 39 
28 40 
28 41 
28 42 
28 43 
28 44 
29 30 
29 31 
29 32 
29 33 
29 34 
29 35 
29 36 
29 37 
29 38 
29 39 
29 40 
29 41 
29 42 
29 43 
29 44 
30 31 
30 32 
30 33 
30 34 
30 35 
30 36 
30 37 
30 38 
30 39 
30 40 
30 41 
30 42 
30 43 
30 44 
31 32 
31 33 
31 34 
31 35 
31 36 
31 37 
31 38 
31 39 
31 40 
31 41 
31 42 
31 43 
31 44 
32 33 
32 34 
32 35 
32 36 
32 37 
32 38 
32 39 
32 40 
32 41 
32 42 
32 43 
32 44 
33 34 
33 35 
33 36 
33 37 
33 38 
33 39 
33 40 
33 41 
33 42 
33 43 
33 44 
34 35 
34 36 
34 37 
34 38 
34 39 
34 40 
34 41 
34 42 
34 43 
34 44 
35 36 
35 37 
35 38 
35 39 
35 40 
35 41 
35 42 
35 43 
35 44 
36 37 
36 38 
36 39 
36 40 
36 41 
36 42 
36 43 
36 44 
37 38 
37 39 
37 40 
37 41 
37 42 
37 43 
37 44 
38 39 
38 40 
38 41 
38 42 
38 43 
38 44 
39 40 
39 41 
39 42 
39 43 
39 44 
40 41 
40 42 
40 43 
40 44 
41 42 
41 43 
41 44 
42 43 
42 44 
43 44 
64 78 
55 58 
68 79 
73 85 
52 62 
45 52 
57 83 
62 70 
54 85 
49 72 
56 81 
51 71 
64 92 
56 66 
65 98 
60 90 
46 94 
89 96 
82 86 
71 83 
58 62 
93 95 
87 99 
61 94 
47 77 
63 97 
45 75 
83 93 
61 77 
88 92 
61 72 
74 93 
60 98 
53 71 
50 63 
80 84 
48 82 
66 84 
63 67 
63 69 
74 100 
59 98 
61 87 
49 96 
92 100 
49 72 
45 77 
56 97 
59 70 
46 49 
52 95 
52 65 
80 92 
64 90 
79 99 
48 85 
54 86 
61 98 
52 93 
64 91 
57 98 
47 99 
51 76 
59 66 
68 90 
81 93 
60 100 
49 81 
96 100 
64 71 
73 81 
78 94 
59 96 
75 86 
45 75 
50 62 
58 87 
82 84 
59 70 
75 97 
66 88 
58 60 
62 90 
71 87 
47 51 
50 68 
51 62 
72 89 
52 66 
74 83 
46 98 
83 86 
65 69 
67 84 
69 78 
72 91 
57 100 
52 63 
53 85 
55 82 
45 51 
56 90 
91 99 
47 100 
69 87 
50 74 
45 68 
89 94 
77 95 
49 63 
45 55 
48 68 
54 97 
87 94 
48 69 
54 86 
65 98 
51 57 
46 96 
84 86 
56 70 
51 73 
59 69 
50 84 
67 74 
63 65 
55 90 
65 92 
95 96 
73 74 
65 66 
75 87 
80 99 
81 99 
62 83 
88 100 
77 82 
47 86 
66 93 
51 67 
66 81 
52 92 
66 89 
91 97 
56 99 
53 57 
47 85 
49 76 
74 100 
61 69 
70 96 
70 91 
79 98 
62 82 
58 74 
70 91 
61 75 
73 93 
60 81 
60 78 
54 94 
86 97 
80 84 
53 68 
70 95 
54 89 
83 85 
61 73 
57 65 
53 74 
61 86 
79 82 
65 86 
64 95 
63 91 
80 97 
56 63 
73 78 
45 88 
64 84 
69 99 
85 91 
45 88 
62 89 
53 91 
78 88 
46 100 
63 90 
47 85 
69 91 
66 97 
49 79 
56 80 
59 92 
52 93 
82 96 
49 98 
45 50 
54 78 
63 73 
51 75 
70 97 
59 71 
79 84 
49 77 
57 98 
66 81 
58 92 
73 83 
54 68 
61 98 
64 66 
67 90 
73 93 
58 84 
74 90 
50 79 
53 96 
60 66 
88 98 
47 79 
89 93 
75 83 
54 60 
53 67 
57 94 
76 87 
76 98 
53 84 
52 82 
70 98 
47 70 
67 73 
71 96 
89 90 
62 90 
86 100 
59 79 
83 99 
47 92 
60 81 
46 79 
75 100 
60 74 
68 72 
51 93 
51 88 
65 90 
60 69 
52 85 
76 80 
48 99 
73 89 
56 99 
70 94 
45 96 
47 90 
53 76 
51 67 
73 79 
45 65 
83 97 
61 68 
81 93 
52 70 
65 94 
49 69 
45 82 
63 73 
85 96 
68 91 
46 95 
67 74 
56 90 
52 98 
83 89 
67 70 
56 63 
66 97 
84 92 
89 100 
49 88 
46 95 
53 77 
60 77 
73 99 
76 84 
78 91 
70 99 
62 99 
85 98 
83 100 
84 98 
82 95 
93 98 
92 93 
82 98 
51 64 
45 65 
45 97 
52 76 
83 93 
74 82 
68 91 
57 74 
81 100 
49 94 
82 95 
57 91 
58 79 
46 88 
82 87 
51 92 
49 58 
84 100 
49 52 
57 90 
95 99 
45 58 
51 93 
73 96 
86 93 
91 95 
78 95 
75 99 
93 98 
70 77 
57 90 
63 96 
45 91 
61 68 
94 96 
91 96 
49 93 
53 87 
89 91 
45 86 
89 95 
61 67 
52 75 
50 94 
61 70 
60 63 
69 75 
50 62 
56 80 
53 64 
69 70 
83 92 
72 73 
52 90 
78 92 
48 97 
60 76 
57 66 
79 90 
64 89 
46 90 
46 68 
53 79 
49 94 
78 94 
69 86 
51 65 
64 95 
56 94 
55 100 
49 73 
88 93 
59 82 
47 66 
69 73 
47 93 
70 85 
50 64 
45 91 
61 68 
45 73 
72 81 
47 54 
49 61 
55 77 
47 59 
53 69 
67 86 
61 80 
71 81 
56 59 
83 90 
65 99 
69 96 
84 96 
46 60 
49 67 
66 83 
63 75 
55 87 
80 86 
54 62 
65 70 
51 98 
57 81 
66 87 
84 93 
55 64 
56 72 
52 87 
62 70 
71 75 
69 94 
68 99 
75 87 
48 67 
78 82 
60 72 
75 93 
51 100 
49 94 
52 89 
58 88 
81 86 
55 65 
55 77 
77 85 
73 84 
66 90 
91 98 
61 73 
60 84 
64 94 
63 97 
49 100 
79 90 
62 83 
86 91 
45 67 
70 82 
65 74 
84 85 
54 69 
46 73 
64 85 
85 86 
52 71 
57 65 
88 98 
49 98 
55 81 
69 82 
59 79 
56 62 
86 92 
52 54 
73 88 
51 76 
74 96 
50 56 
76 84 
55 86 
49 73 
66 76 
54 92 
53 86 
51 77 
51 91 
80 97 
57 98 
66 79 
56 66 
67 83 
50 65 
50 61 
90 94 
54 95 
71 90 
68 81 
60 68 
47 57 
69 87 
57 80 
69 96 
60 75 
52 79 
71 100 
52 97 
58 59 
51 52 
69 94 
59 100 
60 76 
58 95 
48 96 
52 99 
66 99 
83 84 
49 92 
47 61 
56 87 
58 71 
48 78 
47 85 
54 93 
60 88 
63 93 
56 64 
59 73 
78 80 
53 63 
47 85 
68 76 
72 88 
54 71 
64 75 
47 52 
63 94 
87 88 
58 82 
48 69 
92 100 
80 84 
69 73 
57 71 
52 96 
62 69 
72 90 
60 97 
55 75 
52 79 
76 90 
45 73 
45 85 
53 76 
94 98 
63 84 
71 92 
45 79 
74 96 
58 96 
58 79 
91 100 
92 94 
45 51 
47 77 
69 72 
70 90 
61 77 
68 78 
50 62 
61 64 
65 75 
67 92 
55 60 
55 95 
94 95 
57 100 
90 96 
45 98 
83 99 
68 81 
80 90 
64 100 
54 81 
75 86 
66 77 
76 90 
52 57 
78 91 
60 83 
61 82 
47 75 
57 98 
53 82 
59 63 
58 84 
67 90 
65 80 
86 92 
87 100 
57 76 
53 94 
98 100 
48 59 
69 98 
48 54 
67 92 
60 84 
46 84 
72 90 
56 57 
77 90 
88 92 
88 89 
49 82 
64 75 
57 82 
63 91 
72 98 
58 97 
80 87 
58 65 
45 97 
52 77 
65 90 
57 92 
55 68 
62 76 
49 59 
47 100 
45 95 
77 78 
83 100 
49 55 
67 87 
54 59 
63 100 
58 91 
69 73 
61 80 
65 82 
86 97 
59 63 
64 70 
71 96 
59 99 
78 97 
71 88 
64 87 
65 83 
64 69 
48 84 
59 98 
78 80 
79 98 
71 84 
59 80 
46 71 
52 66 
61 77 
74 94 
72 88 
53 65 
81 90 
67 72 
47 56 
48 60 
82 95 
48 99 
76 99 
51 72 
60 67 
82 90 
58 78 
67 85 
52 77 
70 83 
73 87 
46 61 
79 92 
75 88 
65 69 
67 78 
55 96 
89 96 
75 88 
63 76 
70 80 
66 73 
72 76 
61 90 
74 77 
56 64 
65 76 
55 65 
48 87 
76 97 
67 73 
69 93 
69 82 
71 86 
52 53 
82 93 
69 79 
85 95 
46 62 
70 74 
59 89 
61 84 
80 82 
46 83 
74 92 
68 99 
69 96 
52 65 
82 95 
83 94 
67 92 
50 92 
64 72 
56 79 
80 85 
48 93 
91 92 
52 85 
74 87 
94 100 
53 64 
48 55 
49 68 
58 96 
55 77 
65 71 
83 93 
99 100 
78 91 
80 91 
89 98 
55 75 
54 96 
57 83 
62 99 
46 85 
49 51 
54 87 
47 62 
56 94 
53 99 
58 76 
75 89 
48 99 
67 92 
62 79 
52 84 
46 98 
67 98 
61 65 
67 85 
64 71 
56 85 
52 98 
58 97 
48 92 
74 97 
70 90 
89 90 
61 73 
77 96 
51 73 
54 63 
54 61 
52 60 
56 78 
49 69 
85 88 
78 89 
48 76 
63 90 
54 85 
60 67 
67 68 
79 89 
54 63 
65 67 
52 98 
58 85 
69 94 
74 100 
90 98 
71 82 
62 74 
65 93 
70 72 
74 93 
70 73 
68 85 
78 93 
74 98 
90 93 
60 88 
52 73 
69 76 
56 81 
45 47 
91 98 
78 88 
54 58 
66 76 
46 98 
51 86 
70 83 
49 75 
58 80 
55 98 
69 96 
81 91 
78 91 
71 93 
64 84 
80 98 
59 64 
68 71 
57 77 
76 92 
64 84 
84 89 
56 85 
55 56 
46 100 
46 54 
51 60 
52 86 
91 93 
79 80 
82 89 
52 100 
47 81 
69 84 
56 63 
61 65 
62 63 
62 79 
72 98 
53 60 
72 77 
78 97 
78 87 
49 63 
94 96 
54 77 
67 100 
69 86 
54 95 
79 92 
51 88 
52 79 
45 51 
71 77 
83 96 
65 92 
77 90 
54 77 
61 74 
46 96 
85 100 
47 60 
48 79 
48 86 
80 86 
60 86 
65 78 
45 50 
46 96 
50 54 
67 77 
67 99 
60 73 
45 63 
88 95 
66 87 
73 92 
48 64 
47 66 
87 99 
61 77 
52 91 
54 87 
80 94 
59 77 
55 96 
53 93 
47 94 
68 85 
72 80 
59 84 
53 74 
76 86 
66 78 
70 72 
70 91 
69 98 
51 80 
69 100 
82 89 
60 85 
64 77 
53 77 
55 75 
90 96 
60 86 
55 66 
47 98 
56 78 
60 100 
90 94 
63 67 
47 97 
73 74 
80 85 
60 93 
49 66 
61 82 
59 66 
65 87 
76 85 
49 77 
54 60 
50 79 
66 83 
55 87 
45 56 
72 92 
77 84 
63 74 
46 73 
78 84 
48 63 
54 60 
76 99 
51 52 
74 87 
47 60 
45 94 
55 57 
48 96 
50 58 
50 91 
59 62 
46 77 
69 83 
56 64 
82 84 
84 99 
45 51 
56 95 
50 98 
55 71 
66 96 
52 67 
59 100 
53 88 
48 93 
51 86 
61 92 
59 76 
87 88 
56 67 
81 97 
59 73 
48 96 
58 72 
49 93 
65 73 
51 58 
56 81 
62 78 
61 84 
50 84 
75 85 
54 82 
72 81 
57 64 
63 84 
63 89 
62 85 
64 73 
66 72 
81 90 
47 95 
88 92 
53 99 
59 66 
46 77 
71 91 
66 81 
90 94 
61 71 
56 89 
84 91 
50 62 
74 91 
49 95 
49 95 
57 92 
57 100 
95 96 
45 90 
55 100 
89 96 
74 84 
47 93 
69 71 
72 93 
51 94 
72 100 
72 86 
55 93 
88 95 
49 54 
75 82 
47 94 
51 70 
70 76 
68 72 
68 94 
75 88 
80 85 
49 81 
72 80 
80 99 
59 97 
84 95 
68 89 
61 83 
86 100 
96 98 
75 96 
59 88 
64 69 
84 91 
51 78 
69 92 
62 80 
54 59 
54 100 
50 93 
59 98 
49 55 
90 100 
58 87 
62 95 
93 99 
47 50 
69 86 
72 99 
94 98 
77 84 
60 84 
66 90 
74 88 
58 74 
47 62 
73 74 
66 95 
78 94 
76 83 
54 84 
95 100 
47 72 
86 97 
84 89 
45 76 
55 59 
49 80 
70 81 
51 82 
79 90 
82 99 
70 95 
67 94 
46 91 
88 94 
45 58 
47 64 
54 84 
56 100 
65 87 
52 83 
81 96 
55 94 
80 99 
50 86 
47 52 
48 70 
53 57 
48 82 
76 78 
91 92 
78 97 
63 85 
51 68 
53 82 
84 97 
79 98 
64 80 
70 96 
73 95 
79 91 
85 95 
63 65 
57 68 
68 77 
47 91 
57 61 
93 99 
53 62 
68 81 
49 57 
81 95 
70 72 
48 92 
75 77 
62 98 
61 92 
55 89 
54 91 
54 87 
59 77 
67 99 
62 79 
54 55 
83 97 
45 93 
68 72 
61 70 
66 73 
55 79 
46 80 
72 96 
66 80 
62 81 
53 97 
90 91 
64 88 
56 84 
90 92 
51 68 
66 85 
47 76 
59 78 
53 71 
95 98 
78 90 
46 62 
49 98 
88 93 
78 82 
74 82 
93 96 
48 100 
71 85 
49 88 
47 100 
47 76 
68 87 
59 91 
47 82 
64 71 
56 99 
57 63 
66 85 
55 83 
52 75 
62 75 
65 91 
53 71 
81 82 
45 100 
63 84 
48 87 
75 91 
57 78 
82 87 
65 73 
78 94 
65 72 
51 61 
68 97 
47 62 
46 57 
69 80 
48 79 
56 78 
79 96 
56 75 
49 93 
59 80 
66 82 
47 77 
46 65 
47 51 
69 86 
65 81 
49 55 
51 98 
60 94 
47 65 
50 54 
67 68 
78 96 
47 64 
52 91 
55 100 
58 82 
98 100 
74 76 
57 67 
83 85 
85 87 
67 98 
53 89 
76 91 
83 92 
87 90 
54 93 
53 71 
45 82 
76 93 
63 79 
83 93 
49 85 
45 74 
60 75 
61 71 
65 69 
69 79 
54 86 
48 98 
61 66 
64 83 
47 59 
53 82 
45 87 
47 52 
45 51 
90 91 
59 100 
57 67 
54 68 
49 67 
55 92 
53 65 
60 99 
49 97 
