1 2 
1 3 
1 4 
1 5 
1 6 
1 7 
1 8 
1 9 
1 10 
1 11 
1 12 
1 13 
1 14 
1 15 
1 16 
1 17 
1 18 
1 19 
1 20 
2 3 
2 4 
2 5 
2 6 
2 7 
2 8 
2 9 
2 10 
2 11 
2 12 
2 13 
2 14 
2 15 
2 16 
2 17 
2 18 
2 19 
2 20 
3 4 
3 5 
3 6 
3 7 
3 8 
3 9 
3 10 
3 11 
3 12 
3 13 
3 14 
3 15 
3 16 
3 17 
3 18 
3 19 
3 20 
4 5 
4 6 
4 7 
4 8 
4 9 
4 10 
4 11 
4 12 
4 13 
4 14 
4 15 
4 16 
4 17 
4 18 
4 19 
4 20 
5 6 
5 7 
5 8 
5 9 
5 10 
5 11 
5 12 
5 13 
5 14 
5 15 
5 16 
5 17 
5 18 
5 19 
5 20 
6 7 
6 8 
6 9 
6 10 
6 11 
6 12 
6 13 
6 14 
6 15 
6 16 
6 17 
6 18 
6 19 
6 20 
7 8 
7 9 
7 10 
7 11 
7 12 
7 13 
7 14 
7 15 
7 16 
7 17 
7 18 
7 19 
7 20 
8 9 
8 10 
8 11 
8 12 
8 13 
8 14 
8 15 
8 16 
8 17 
8 18 
8 19 
8 20 
9 10 
9 11 
9 12 
9 13 
9 14 
9 15 
9 16 
9 17 
9 18 
9 19 
9 20 
10 11 
10 12 
10 13 
10 14 
10 15 
10 16 
10 17 
10 18 
10 19 
10 20 
11 12 
11 13 
11 14 
11 15 
11 16 
11 17 
11 18 
11 19 
11 20 
12 13 
12 14 
12 15 
12 16 
12 17 
12 18 
12 19 
12 20 
13 14 
13 15 
13 16 
13 17 
13 18 
13 19 
13 20 
14 15 
14 16 
14 17 
14 18 
14 19 
14 20 
15 16 
15 17 
15 18 
15 19 
15 20 
16 17 
16 18 
16 19 
16 20 
17 18 
17 19 
17 20 
18 19 
18 20 
19 20 
23 75 
5 57 
80 85 
24 56 
15 63 
83 88 
1 23 
24 93 
28 53 
27 32 
15 100 
68 72 
70 95 
12 98 
75 100 
22 46 
16 73 
53 97 
2 50 
29 46 
37 73 
23 40 
6 100 
21 40 
21 83 
73 96 
5 21 
74 81 
42 97 
59 100 
63 100 
72 82 
42 57 
33 80 
27 90 
55 97 
31 64 
8 46 
91 97 
24 30 
24 53 
57 90 
27 69 
88 95 
20 21 
30 35 
67 87 
8 52 
31 69 
50 64 
77 98 
26 98 
22 68 
10 44 
15 70 
51 96 
2 65 
31 61 
6 53 
2 46 
49 86 
75 91 
1 77 
1 47 
7 87 
15 92 
33 38 
42 44 
28 59 
8 57 
9 72 
3 61 
8 64 
34 96 
34 72 
72 88 
78 87 
43 51 
75 81 
54 64 
43 52 
27 94 
28 90 
50 81 
68 92 
18 35 
16 58 
37 46 
36 56 
69 85 
47 81 
32 37 
19 34 
20 41 
11 89 
25 58 
19 86 
81 94 
20 30 
75 88 
33 74 
37 77 
47 54 
37 53 
28 61 
44 70 
55 94 
23 91 
47 69 
15 95 
42 90 
22 51 
89 91 
19 32 
14 86 
13 66 
64 95 
17 99 
7 62 
43 63 
17 96 
53 89 
18 78 
3 97 
37 53 
33 94 
44 93 
9 86 
50 79 
25 71 
45 64 
40 100 
28 60 
48 64 
78 88 
72 75 
11 97 
90 94 
51 92 
8 100 
53 59 
12 91 
17 38 
82 99 
27 60 
63 83 
28 71 
35 56 
4 61 
25 64 
25 61 
14 21 
22 42 
41 55 
4 73 
28 100 
76 91 
51 62 
48 75 
17 44 
14 34 
67 84 
64 68 
7 29 
33 79 
1 66 
51 60 
11 78 
53 96 
16 67 
15 54 
54 58 
30 81 
14 43 
9 100 
37 94 
31 83 
62 84 
40 59 
61 98 
39 86 
71 86 
27 47 
74 89 
32 94 
35 50 
55 70 
75 93 
68 70 
18 84 
6 88 
65 82 
60 99 
23 100 
16 26 
75 96 
25 72 
33 76 
2 54 
10 47 
23 69 
7 37 
27 67 
13 56 
61 79 
5 26 
6 51 
31 83 
20 23 
10 68 
21 90 
24 90 
6 79 
56 71 
47 84 
18 55 
3 26 
82 85 
79 85 
31 57 
71 99 
11 52 
29 42 
25 85 
71 76 
22 52 
49 53 
70 80 
11 85 
20 75 
27 43 
29 42 
33 60 
20 36 
12 37 
65 94 
31 67 
60 63 
40 55 
5 77 
14 60 
22 89 
54 76 
56 61 
18 66 
13 67 
42 81 
16 31 
29 76 
3 64 
3 81 
58 87 
15 63 
26 70 
40 68 
20 73 
5 69 
57 64 
20 81 
43 73 
6 23 
46 70 
33 54 
49 71 
68 78 
39 98 
3 91 
11 38 
4 90 
74 81 
83 87 
29 99 
17 60 
53 74 
16 68 
14 50 
18 84 
28 76 
39 69 
80 92 
20 78 
6 49 
31 49 
18 26 
34 83 
56 89 
2 71 
53 92 
84 94 
23 99 
49 55 
53 61 
54 64 
27 57 
65 96 
67 92 
33 84 
65 90 
4 38 
29 66 
43 59 
33 83 
24 99 
4 62 
12 23 
33 55 
16 75 
47 69 
28 46 
40 76 
15 54 
8 99 
46 85 
40 86 
37 96 
23 69 
24 54 
51 62 
19 27 
48 63 
13 80 
33 78 
12 53 
53 73 
19 88 
44 78 
40 86 
3 82 
36 79 
84 94 
51 76 
28 83 
57 77 
74 90 
68 79 
12 54 
4 97 
42 79 
89 93 
3 30 
61 89 
9 31 
18 21 
45 68 
50 99 
42 89 
66 91 
77 85 
20 67 
5 41 
7 31 
51 55 
63 74 
56 62 
31 85 
14 75 
30 42 
39 81 
32 41 
41 71 
46 90 
58 63 
47 58 
79 97 
9 46 
23 82 
26 44 
19 70 
13 59 
51 53 
62 90 
15 29 
54 59 
75 87 
24 86 
37 55 
13 27 
32 95 
38 82 
50 56 
40 88 
56 96 
6 83 
37 92 
55 97 
4 98 
26 66 
8 93 
34 90 
47 66 
3 72 
45 55 
36 92 
35 54 
35 36 
23 92 
37 93 
45 51 
19 96 
80 81 
42 71 
63 81 
74 96 
28 48 
59 71 
10 32 
35 86 
53 55 
94 100 
18 31 
21 39 
23 76 
47 54 
36 49 
2 50 
35 44 
67 94 
20 92 
10 86 
48 54 
46 51 
51 83 
3 25 
56 85 
12 61 
22 46 
55 64 
49 71 
13 97 
53 58 
78 91 
16 39 
33 38 
16 52 
5 21 
3 94 
23 32 
33 51 
5 75 
62 66 
5 33 
54 77 
22 80 
71 89 
33 39 
6 74 
33 92 
26 80 
42 89 
12 89 
45 72 
12 77 
47 54 
1 29 
44 60 
51 80 
17 53 
28 88 
52 54 
11 30 
38 98 
33 100 
20 93 
75 92 
84 96 
27 96 
5 43 
28 39 
87 95 
37 62 
30 46 
60 71 
82 98 
42 71 
82 98 
22 31 
50 68 
54 71 
18 72 
77 91 
13 78 
56 70 
60 95 
20 94 
82 94 
28 37 
19 62 
52 64 
31 71 
80 90 
55 56 
14 46 
36 90 
55 94 
70 92 
5 50 
5 67 
2 68 
21 67 
34 87 
45 86 
25 37 
56 99 
53 74 
11 23 
35 79 
60 94 
64 98 
4 24 
14 88 
34 71 
21 96 
79 94 
61 76 
36 70 
30 36 
6 87 
10 33 
28 79 
40 80 
27 97 
41 81 
3 34 
12 63 
46 48 
14 45 
35 88 
32 40 
36 43 
31 71 
50 97 
40 72 
49 70 
22 93 
42 90 
3 89 
49 98 
29 49 
14 56 
58 64 
72 86 
10 99 
47 67 
16 94 
7 42 
18 29 
16 92 
5 85 
62 99 
10 39 
54 69 
62 95 
21 100 
82 99 
50 58 
32 95 
31 73 
11 36 
21 86 
12 21 
59 64 
62 92 
24 54 
76 97 
23 30 
50 98 
10 44 
51 75 
1 22 
4 99 
20 37 
29 66 
54 55 
8 28 
56 76 
55 95 
42 76 
4 38 
10 73 
12 40 
9 58 
30 70 
80 84 
33 46 
3 44 
25 51 
33 74 
46 55 
15 87 
9 44 
60 97 
82 100 
37 98 
9 49 
44 53 
88 96 
27 72 
30 86 
84 89 
49 90 
22 79 
67 71 
71 75 
34 55 
30 78 
43 97 
26 74 
20 92 
24 80 
33 72 
11 65 
10 26 
13 50 
36 94 
11 45 
70 95 
25 26 
38 86 
38 92 
23 51 
45 55 
39 96 
11 90 
39 97 
51 97 
21 95 
34 52 
4 99 
32 52 
18 30 
55 97 
30 37 
41 86 
27 63 
58 76 
32 43 
54 86 
21 95 
4 68 
50 87 
25 43 
40 55 
40 97 
38 85 
68 79 
17 54 
9 50 
4 61 
78 82 
1 66 
16 55 
62 77 
21 22 
57 65 
84 95 
85 100 
27 45 
50 65 
35 50 
3 35 
2 47 
53 54 
28 50 
42 65 
25 69 
11 58 
26 84 
17 87 
59 96 
3 66 
68 79 
20 37 
3 41 
48 91 
13 79 
47 97 
28 46 
32 69 
11 61 
46 88 
70 90 
58 83 
68 98 
49 64 
49 76 
33 57 
1 54 
78 81 
45 74 
69 78 
51 72 
8 57 
38 39 
31 91 
19 73 
18 99 
8 60 
3 21 
69 91 
16 57 
16 39 
34 41 
51 70 
20 29 
12 78 
28 55 
80 88 
1 30 
17 94 
57 70 
44 82 
23 80 
59 94 
51 69 
14 93 
32 40 
23 33 
1 90 
27 83 
60 77 
19 31 
13 99 
46 100 
18 65 
56 90 
6 50 
26 85 
8 58 
36 75 
35 85 
7 72 
3 82 
19 71 
82 92 
32 53 
37 87 
6 63 
7 99 
19 26 
41 52 
16 30 
53 58 
94 98 
55 92 
4 35 
14 41 
77 92 
50 98 
84 88 
2 83 
54 60 
37 38 
9 89 
7 95 
37 58 
22 89 
12 42 
53 93 
7 23 
36 47 
29 84 
52 95 
39 73 
54 75 
14 58 
49 80 
37 82 
12 77 
41 100 
52 86 
18 63 
5 21 
32 90 
11 40 
9 88 
21 45 
11 52 
7 54 
43 62 
61 67 
43 45 
8 47 
40 71 
26 30 
39 79 
28 32 
41 65 
22 76 
33 78 
22 50 
40 69 
31 33 
4 91 
42 45 
24 68 
6 47 
8 64 
21 48 
17 27 
41 46 
8 97 
55 73 
68 84 
30 54 
28 50 
23 92 
16 72 
22 31 
9 89 
26 37 
16 73 
44 83 
32 63 
3 83 
55 68 
83 94 
10 55 
28 53 
24 28 
26 90 
32 80 
78 89 
26 74 
53 99 
10 26 
8 54 
18 25 
35 87 
27 44 
14 49 
77 79 
17 87 
4 31 
20 44 
56 65 
66 88 
40 70 
83 91 
66 83 
9 24 
26 86 
44 47 
49 100 
33 42 
39 54 
23 36 
17 59 
30 63 
47 86 
19 79 
45 47 
57 74 
4 56 
47 76 
62 80 
31 58 
29 58 
48 96 
46 57 
51 79 
91 99 
28 96 
59 68 
25 52 
33 41 
26 64 
6 45 
35 79 
14 34 
50 94 
14 97 
19 31 
9 81 
40 64 
13 64 
1 62 
21 89 
36 62 
42 49 
82 88 
19 67 
44 59 
15 61 
51 84 
7 85 
44 90 
76 77 
48 57 
63 75 
5 54 
27 37 
77 88 
12 34 
66 77 
49 77 
28 90 
28 70 
2 100 
7 29 
6 34 
29 98 
78 86 
2 52 
44 53 
3 93 
67 69 
42 67 
60 75 
47 55 
35 64 
28 73 
1 27 
16 77 
27 96 
8 53 
85 98 
37 55 
17 25 
28 57 
11 28 
54 61 
61 74 
15 76 
3 41 
34 69 
31 55 
72 73 
2 55 
33 79 
47 83 
5 54 
21 47 
25 42 
4 74 
33 78 
28 59 
12 78 
29 79 
13 82 
34 87 
58 94 
59 91 
51 69 
44 84 
20 27 
11 98 
30 60 
64 84 
43 95 
17 23 
20 39 
86 95 
