1 2 
1 3 
1 4 
1 5 
2 3 
2 4 
2 5 
3 4 
3 5 
4 5 
6 7 
6 8 
6 9 
6 10 
6 11 
7 8 
7 9 
7 10 
7 11 
8 9 
8 10 
8 11 
9 10 
9 11 
10 11 
12 13 
12 14 
12 15 
12 16 
12 17 
12 18 
13 14 
13 15 
13 16 
13 17 
13 18 
14 15 
14 16 
14 17 
14 18 
15 16 
15 17 
15 18 
16 17 
16 18 
17 18 
19 20 
19 21 
19 22 
19 23 
19 24 
19 25 
19 26 
19 27 
19 28 
19 29 
19 30 
19 31 
19 32 
19 33 
19 34 
19 35 
19 36 
19 37 
19 38 
19 39 
19 40 
19 41 
19 42 
19 43 
19 44 
19 45 
19 46 
19 47 
19 48 
20 21 
20 22 
20 23 
20 24 
20 25 
20 26 
20 27 
20 28 
20 29 
20 30 
20 31 
20 32 
20 33 
20 34 
20 35 
20 36 
20 37 
20 38 
20 39 
20 40 
20 41 
20 42 
20 43 
20 44 
20 45 
20 46 
20 47 
20 48 
21 22 
21 23 
21 24 
21 25 
21 26 
21 27 
21 28 
21 29 
21 30 
21 31 
21 32 
21 33 
21 34 
21 35 
21 36 
21 37 
21 38 
21 39 
21 40 
21 41 
21 42 
21 43 
21 44 
21 45 
21 46 
21 47 
21 48 
22 23 
22 24 
22 25 
22 26 
22 27 
22 28 
22 29 
22 30 
22 31 
22 32 
22 33 
22 34 
22 35 
22 36 
22 37 
22 38 
22 39 
22 40 
22 41 
22 42 
22 43 
22 44 
22 45 
22 46 
22 47 
22 48 
23 24 
23 25 
23 26 
23 27 
23 28 
23 29 
23 30 
23 31 
23 32 
23 33 
23 34 
23 35 
23 36 
23 37 
23 38 
23 39 
23 40 
23 41 
23 42 
23 43 
23 44 
23 45 
23 46 
23 47 
23 48 
24 25 
24 26 
24 27 
24 28 
24 29 
24 30 
24 31 
24 32 
24 33 
24 34 
24 35 
24 36 
24 37 
24 38 
24 39 
24 40 
24 41 
24 42 
24 43 
24 44 
24 45 
24 46 
24 47 
24 48 
25 26 
25 27 
25 28 
25 29 
25 30 
25 31 
25 32 
25 33 
25 34 
25 35 
25 36 
25 37 
25 38 
25 39 
25 40 
25 41 
25 42 
25 43 
25 44 
25 45 
25 46 
25 47 
25 48 
26 27 
26 28 
26 29 
26 30 
26 31 
26 32 
26 33 
26 34 
26 35 
26 36 
26 37 
26 38 
26 39 
26 40 
26 41 
26 42 
26 43 
26 44 
26 45 
26 46 
26 47 
26 48 
27 28 
27 29 
27 30 
27 31 
27 32 
27 33 
27 34 
27 35 
27 36 
27 37 
27 38 
27 39 
27 40 
27 41 
27 42 
27 43 
27 44 
27 45 
27 46 
27 47 
27 48 
28 29 
28 30 
28 31 
28 32 
28 33 
28 34 
28 35 
28 36 
28 37 
28 38 
28 39 
28 40 
28 41 
28 42 
28 43 
28 44 
28 45 
28 46 
28 47 
28 48 
29 30 
29 31 
29 32 
29 33 
29 34 
29 35 
29 36 
29 37 
29 38 
29 39 
29 40 
29 41 
29 42 
29 43 
29 44 
29 45 
29 46 
29 47 
29 48 
30 31 
30 32 
30 33 
30 34 
30 35 
30 36 
30 37 
30 38 
30 39 
30 40 
30 41 
30 42 
30 43 
30 44 
30 45 
30 46 
30 47 
30 48 
31 32 
31 33 
31 34 
31 35 
31 36 
31 37 
31 38 
31 39 
31 40 
31 41 
31 42 
31 43 
31 44 
31 45 
31 46 
31 47 
31 48 
32 33 
32 34 
32 35 
32 36 
32 37 
32 38 
32 39 
32 40 
32 41 
32 42 
32 43 
32 44 
32 45 
32 46 
32 47 
32 48 
33 34 
33 35 
33 36 
33 37 
33 38 
33 39 
33 40 
33 41 
33 42 
33 43 
33 44 
33 45 
33 46 
33 47 
33 48 
34 35 
34 36 
34 37 
34 38 
34 39 
34 40 
34 41 
34 42 
34 43 
34 44 
34 45 
34 46 
34 47 
34 48 
35 36 
35 37 
35 38 
35 39 
35 40 
35 41 
35 42 
35 43 
35 44 
35 45 
35 46 
35 47 
35 48 
36 37 
36 38 
36 39 
36 40 
36 41 
36 42 
36 43 
36 44 
36 45 
36 46 
36 47 
36 48 
37 38 
37 39 
37 40 
37 41 
37 42 
37 43 
37 44 
37 45 
37 46 
37 47 
37 48 
38 39 
38 40 
38 41 
38 42 
38 43 
38 44 
38 45 
38 46 
38 47 
38 48 
39 40 
39 41 
39 42 
39 43 
39 44 
39 45 
39 46 
39 47 
39 48 
40 41 
40 42 
40 43 
40 44 
40 45 
40 46 
40 47 
40 48 
41 42 
41 43 
41 44 
41 45 
41 46 
41 47 
41 48 
42 43 
42 44 
42 45 
42 46 
42 47 
42 48 
43 44 
43 45 
43 46 
43 47 
43 48 
44 45 
44 46 
44 47 
44 48 
45 46 
45 47 
45 48 
46 47 
46 48 
47 48 
1 20 
65 68 
17 38 
54 62 
64 69 
16 27 
11 25 
17 37 
50 54 
64 65 
4 8 
9 32 
52 65 
59 60 
10 35 
13 42 
0 5 
8 39 
11 42 
50 69 
52 57 
51 65 
3 8 
14 44 
61 65 
16 34 
1 44 
64 65 
12 31 
5 46 
15 29 
12 44 
2 14 
3 45 
10 45 
11 19 
17 28 
4 10 
2 42 
7 15 
7 42 
17 48 
8 27 
14 47 
9 20 
51 67 
18 31 
10 29 
12 28 
1 22 
56 62 
13 40 
6 38 
11 27 
55 57 
1 15 
16 30 
50 52 
14 21 
4 18 
6 14 
14 38 
11 19 
10 26 
14 31 
57 66 
16 21 
14 25 
0 36 
2 40 
58 60 
59 61 
1 18 
9 46 
1 28 
2 38 
17 21 
10 37 
18 20 
2 13 
5 17 
63 67 
5 43 
52 66 
12 43 
2 27 
55 58 
12 33 
56 61 
15 42 
0 67 
11 20 
50 52 
58 64 
59 63 
0 21 
5 23 
9 29 
9 31 
7 32 
49 67 
10 47 
51 65 
9 21 
63 67 
7 36 
15 46 
60 67 
60 67 
5 45 
53 69 
6 12 
16 29 
15 23 
18 33 
1 40 
52 54 
49 56 
10 17 
5 27 
2 9 
1 41 
57 63 
6 33 
1 22 
17 36 
12 28 
16 46 
0 4 
17 24 
10 23 
15 38 
68 69 
1 13 
11 31 
8 19 
6 43 
9 14 
9 28 
16 48 
0 23 
18 19 
10 20 
11 35 
13 20 
4 27 
51 66 
17 25 
6 17 
4 35 
12 25 
4 32 
5 6 
6 14 
0 21 
5 8 
9 24 
0 65 
1 17 
3 48 
0 60 
9 20 
64 66 
1 8 
18 35 
1 33 
6 16 
10 32 
7 22 
3 34 
15 25 
5 13 
3 7 
1 34 
18 26 
13 27 
16 28 
3 29 
1 42 
49 50 
62 66 
7 15 
57 59 
57 61 
52 66 
18 41 
4 30 
1 38 
11 39 
53 55 
7 43 
59 69 
4 47 
0 26 
9 21 
49 55 
10 42 
5 38 
15 38 
14 26 
61 66 
54 56 
12 38 
1 47 
3 18 
1 39 
0 48 
18 34 
17 24 
49 54 
0 55 
68 69 
49 64 
4 14 
7 13 
14 45 
14 41 
18 36 
0 21 
15 41 
4 47 
49 52 
56 69 
51 69 
17 39 
15 27 
9 14 
53 56 
9 45 
15 32 
12 24 
9 12 
4 15 
12 35 
4 44 
0 36 
12 47 
17 21 
58 60 
6 12 
0 6 
13 25 
4 47 
3 47 
2 16 
59 67 
11 29 
58 63 
2 48 
15 44 
5 28 
0 39 
14 27 
55 56 
52 58 
5 41 
15 35 
16 46 
18 32 
49 69 
1 14 
14 28 
8 41 
15 37 
3 21 
15 31 
5 44 
5 47 
3 17 
64 66 
54 64 
1 6 
8 13 
2 19 
59 64 
14 38 
49 69 
50 55 
18 28 
66 68 
16 44 
9 44 
1 42 
15 39 
18 31 
56 59 
53 64 
7 42 
9 42 
6 24 
10 12 
8 47 
6 17 
12 40 
12 47 
51 64 
0 43 
10 26 
50 62 
4 32 
8 32 
8 41 
4 48 
4 25 
10 31 
5 24 
60 66 
5 17 
4 20 
59 65 
1 25 
0 32 
55 63 
56 67 
8 23 
62 66 
0 62 
1 41 
5 47 
61 66 
11 42 
2 39 
66 69 
64 67 
12 22 
14 23 
14 31 
17 45 
0 6 
18 30 
1 47 
0 34 
17 32 
6 47 
1 27 
17 19 
6 13 
16 39 
2 9 
52 55 
9 32 
56 60 
9 30 
0 31 
16 41 
62 63 
15 32 
0 24 
1 16 
56 63 
17 32 
14 37 
51 69 
0 14 
3 7 
7 26 
7 13 
0 44 
6 17 
13 22 
15 47 
57 63 
9 22 
7 35 
50 51 
7 17 
18 48 
5 42 
2 25 
52 57 
2 37 
2 18 
52 58 
17 29 
10 38 
11 20 
16 38 
9 22 
8 31 
8 22 
3 29 
5 22 
4 32 
5 46 
4 10 
2 21 
4 40 
12 21 
64 65 
12 31 
6 27 
8 34 
56 57 
53 56 
9 16 
6 37 
5 48 
14 37 
4 10 
54 63 
10 18 
54 64 
10 42 
51 66 
10 32 
10 39 
14 24 
1 9 
56 65 
14 29 
5 22 
5 42 
14 27 
13 43 
61 63 
7 40 
15 29 
9 38 
55 64 
14 37 
1 22 
2 40 
49 68 
4 18 
3 36 
15 20 
9 24 
2 7 
3 13 
4 14 
6 28 
4 38 
17 41 
10 44 
15 26 
7 20 
54 65 
2 13 
55 63 
16 37 
57 68 
52 66 
12 35 
0 53 
18 41 
8 43 
12 33 
5 32 
14 28 
8 38 
57 67 
13 30 
7 16 
50 69 
5 25 
0 50 
1 38 
50 59 
7 36 
13 33 
54 57 
11 42 
8 24 
