1 2 
1 3 
1 4 
1 5 
1 6 
1 7 
1 8 
1 9 
1 10 
1 11 
1 12 
1 13 
1 14 
1 15 
1 16 
1 17 
1 18 
1 19 
1 20 
2 3 
2 4 
2 5 
2 6 
2 7 
2 8 
2 9 
2 10 
2 11 
2 12 
2 13 
2 14 
2 15 
2 16 
2 17 
2 18 
2 19 
2 20 
3 4 
3 5 
3 6 
3 7 
3 8 
3 9 
3 10 
3 11 
3 12 
3 13 
3 14 
3 15 
3 16 
3 17 
3 18 
3 19 
3 20 
4 5 
4 6 
4 7 
4 8 
4 9 
4 10 
4 11 
4 12 
4 13 
4 14 
4 15 
4 16 
4 17 
4 18 
4 19 
4 20 
5 6 
5 7 
5 8 
5 9 
5 10 
5 11 
5 12 
5 13 
5 14 
5 15 
5 16 
5 17 
5 18 
5 19 
5 20 
6 7 
6 8 
6 9 
6 10 
6 11 
6 12 
6 13 
6 14 
6 15 
6 16 
6 17 
6 18 
6 19 
6 20 
7 8 
7 9 
7 10 
7 11 
7 12 
7 13 
7 14 
7 15 
7 16 
7 17 
7 18 
7 19 
7 20 
8 9 
8 10 
8 11 
8 12 
8 13 
8 14 
8 15 
8 16 
8 17 
8 18 
8 19 
8 20 
9 10 
9 11 
9 12 
9 13 
9 14 
9 15 
9 16 
9 17 
9 18 
9 19 
9 20 
10 11 
10 12 
10 13 
10 14 
10 15 
10 16 
10 17 
10 18 
10 19 
10 20 
11 12 
11 13 
11 14 
11 15 
11 16 
11 17 
11 18 
11 19 
11 20 
12 13 
12 14 
12 15 
12 16 
12 17 
12 18 
12 19 
12 20 
13 14 
13 15 
13 16 
13 17 
13 18 
13 19 
13 20 
14 15 
14 16 
14 17 
14 18 
14 19 
14 20 
15 16 
15 17 
15 18 
15 19 
15 20 
16 17 
16 18 
16 19 
16 20 
17 18 
17 19 
17 20 
18 19 
18 20 
19 20 
10 99 
42 93 
26 76 
59 60 
18 68 
19 37 
53 76 
70 81 
10 37 
66 81 
62 90 
83 91 
26 56 
52 69 
41 46 
15 88 
56 79 
12 97 
42 95 
19 54 
23 91 
71 88 
48 51 
29 78 
43 63 
24 35 
69 79 
70 74 
50 60 
16 58 
9 25 
47 49 
45 85 
12 61 
12 53 
20 46 
65 99 
23 30 
52 95 
64 88 
4 35 
28 88 
61 92 
59 98 
4 99 
24 96 
8 98 
52 82 
54 56 
86 98 
21 41 
37 95 
43 95 
75 95 
43 85 
2 96 
13 26 
62 68 
86 89 
19 29 
52 95 
33 82 
96 97 
38 93 
7 62 
64 88 
11 38 
50 83 
28 39 
14 59 
49 82 
18 55 
46 81 
52 76 
25 34 
18 26 
64 97 
62 68 
11 43 
8 60 
40 56 
10 93 
19 52 
52 70 
29 69 
16 35 
53 56 
9 46 
12 44 
28 68 
26 36 
48 96 
14 86 
35 69 
37 38 
98 100 
63 91 
6 81 
24 55 
44 75 
53 89 
40 78 
86 100 
86 93 
15 64 
47 95 
73 98 
1 32 
16 75 
10 52 
15 87 
33 95 
39 87 
16 65 
63 83 
17 95 
20 59 
75 92 
38 80 
24 95 
35 55 
37 57 
22 24 
27 86 
49 70 
56 80 
11 26 
15 88 
46 58 
42 94 
47 85 
3 39 
21 65 
24 53 
13 43 
37 73 
45 79 
52 68 
53 87 
7 36 
60 62 
8 28 
42 55 
32 92 
76 80 
72 73 
12 77 
53 81 
11 42 
1 47 
29 98 
20 47 
21 60 
59 74 
41 100 
23 87 
47 55 
62 81 
7 37 
13 33 
44 71 
28 94 
15 49 
22 60 
56 61 
18 38 
11 87 
16 31 
6 98 
14 25 
61 80 
45 62 
58 86 
18 49 
28 78 
25 33 
3 92 
41 69 
26 96 
15 95 
8 93 
67 82 
16 25 
43 79 
23 82 
14 46 
33 86 
7 27 
29 78 
29 92 
68 71 
86 94 
7 62 
3 50 
18 21 
45 65 
17 85 
2 71 
51 82 
10 68 
59 62 
15 68 
81 90 
60 96 
20 55 
38 67 
16 90 
62 95 
5 55 
27 60 
11 77 
26 44 
13 94 
11 85 
46 91 
8 41 
41 59 
44 76 
84 97 
10 70 
88 89 
21 32 
36 84 
48 81 
19 22 
51 63 
4 98 
66 98 
65 94 
43 88 
3 86 
26 80 
39 92 
28 49 
88 89 
17 46 
16 53 
5 36 
22 42 
30 45 
50 54 
8 98 
8 90 
6 91 
2 87 
34 99 
18 60 
56 77 
17 57 
2 80 
70 100 
48 92 
28 99 
49 81 
6 61 
23 95 
82 83 
23 65 
68 74 
39 94 
63 88 
41 68 
53 90 
1 99 
32 41 
28 50 
9 70 
50 99 
1 38 
2 76 
60 98 
22 100 
81 84 
41 42 
50 55 
34 97 
49 54 
48 57 
41 81 
24 71 
31 51 
8 82 
18 46 
23 36 
12 83 
56 72 
48 53 
31 89 
6 25 
6 26 
59 82 
33 44 
44 82 
60 69 
21 92 
6 95 
10 31 
21 53 
22 50 
3 83 
8 66 
70 100 
37 39 
59 98 
39 53 
11 47 
31 89 
17 64 
18 70 
80 81 
19 39 
29 51 
8 85 
19 70 
19 68 
18 60 
9 30 
28 81 
2 83 
16 50 
41 64 
95 97 
85 88 
32 86 
32 75 
6 23 
28 71 
37 66 
26 52 
9 94 
17 93 
22 23 
31 70 
10 76 
29 71 
57 77 
28 31 
74 100 
37 50 
14 33 
9 79 
62 88 
27 40 
51 91 
15 52 
36 38 
20 45 
20 68 
38 87 
30 88 
10 89 
69 71 
6 22 
15 59 
71 100 
36 73 
44 61 
50 71 
20 70 
36 84 
18 50 
37 50 
21 85 
53 86 
2 28 
5 90 
94 95 
15 87 
47 83 
54 77 
32 37 
56 100 
55 86 
50 61 
54 64 
61 96 
61 62 
49 78 
38 98 
22 93 
7 87 
11 41 
54 87 
26 53 
16 28 
6 54 
11 28 
8 60 
54 76 
6 25 
84 96 
10 21 
30 80 
17 57 
19 56 
41 81 
32 72 
31 72 
14 49 
63 68 
12 58 
78 97 
82 99 
1 47 
12 61 
58 84 
21 84 
65 70 
14 76 
36 89 
51 70 
31 80 
26 29 
64 65 
78 88 
29 65 
9 86 
21 36 
84 99 
21 76 
24 97 
42 87 
17 88 
29 80 
69 75 
43 76 
20 57 
72 74 
32 59 
78 98 
53 62 
38 70 
51 53 
29 96 
28 46 
20 70 
3 84 
93 97 
29 75 
17 31 
35 80 
21 51 
51 54 
74 81 
43 91 
49 65 
76 85 
56 68 
38 89 
37 40 
1 62 
57 79 
68 89 
40 66 
75 89 
28 35 
41 95 
47 97 
12 66 
15 89 
60 73 
14 46 
26 74 
90 92 
77 98 
29 60 
27 85 
21 38 
71 72 
5 84 
35 55 
53 76 
59 96 
13 91 
10 59 
48 97 
