1 2 
1 3 
1 4 
2 3 
2 4 
3 4 
5 6 
5 7 
5 8 
6 7 
6 8 
7 8 
9 10 
9 11 
9 12 
10 11 
10 12 
11 12 
13 14 
13 15 
13 16 
14 15 
14 16 
15 16 
17 18 
17 19 
18 19 
20 21 
20 22 
21 22 
23 24 
23 25 
23 26 
24 25 
24 26 
25 26 
27 28 
27 29 
28 29 
30 31 
30 32 
30 33 
31 32 
31 33 
32 33 
34 35 
34 36 
34 37 
34 38 
34 39 
34 40 
34 41 
34 42 
34 43 
34 44 
34 45 
34 46 
34 47 
34 48 
34 49 
34 50 
34 51 
34 52 
34 53 
34 54 
34 55 
34 56 
34 57 
34 58 
34 59 
34 60 
34 61 
34 62 
34 63 
34 64 
34 65 
34 66 
34 67 
34 68 
34 69 
34 70 
34 71 
34 72 
34 73 
34 74 
34 75 
34 76 
34 77 
35 36 
35 37 
35 38 
35 39 
35 40 
35 41 
35 42 
35 43 
35 44 
35 45 
35 46 
35 47 
35 48 
35 49 
35 50 
35 51 
35 52 
35 53 
35 54 
35 55 
35 56 
35 57 
35 58 
35 59 
35 60 
35 61 
35 62 
35 63 
35 64 
35 65 
35 66 
35 67 
35 68 
35 69 
35 70 
35 71 
35 72 
35 73 
35 74 
35 75 
35 76 
35 77 
36 37 
36 38 
36 39 
36 40 
36 41 
36 42 
36 43 
36 44 
36 45 
36 46 
36 47 
36 48 
36 49 
36 50 
36 51 
36 52 
36 53 
36 54 
36 55 
36 56 
36 57 
36 58 
36 59 
36 60 
36 61 
36 62 
36 63 
36 64 
36 65 
36 66 
36 67 
36 68 
36 69 
36 70 
36 71 
36 72 
36 73 
36 74 
36 75 
36 76 
36 77 
37 38 
37 39 
37 40 
37 41 
37 42 
37 43 
37 44 
37 45 
37 46 
37 47 
37 48 
37 49 
37 50 
37 51 
37 52 
37 53 
37 54 
37 55 
37 56 
37 57 
37 58 
37 59 
37 60 
37 61 
37 62 
37 63 
37 64 
37 65 
37 66 
37 67 
37 68 
37 69 
37 70 
37 71 
37 72 
37 73 
37 74 
37 75 
37 76 
37 77 
38 39 
38 40 
38 41 
38 42 
38 43 
38 44 
38 45 
38 46 
38 47 
38 48 
38 49 
38 50 
38 51 
38 52 
38 53 
38 54 
38 55 
38 56 
38 57 
38 58 
38 59 
38 60 
38 61 
38 62 
38 63 
38 64 
38 65 
38 66 
38 67 
38 68 
38 69 
38 70 
38 71 
38 72 
38 73 
38 74 
38 75 
38 76 
38 77 
39 40 
39 41 
39 42 
39 43 
39 44 
39 45 
39 46 
39 47 
39 48 
39 49 
39 50 
39 51 
39 52 
39 53 
39 54 
39 55 
39 56 
39 57 
39 58 
39 59 
39 60 
39 61 
39 62 
39 63 
39 64 
39 65 
39 66 
39 67 
39 68 
39 69 
39 70 
39 71 
39 72 
39 73 
39 74 
39 75 
39 76 
39 77 
40 41 
40 42 
40 43 
40 44 
40 45 
40 46 
40 47 
40 48 
40 49 
40 50 
40 51 
40 52 
40 53 
40 54 
40 55 
40 56 
40 57 
40 58 
40 59 
40 60 
40 61 
40 62 
40 63 
40 64 
40 65 
40 66 
40 67 
40 68 
40 69 
40 70 
40 71 
40 72 
40 73 
40 74 
40 75 
40 76 
40 77 
41 42 
41 43 
41 44 
41 45 
41 46 
41 47 
41 48 
41 49 
41 50 
41 51 
41 52 
41 53 
41 54 
41 55 
41 56 
41 57 
41 58 
41 59 
41 60 
41 61 
41 62 
41 63 
41 64 
41 65 
41 66 
41 67 
41 68 
41 69 
41 70 
41 71 
41 72 
41 73 
41 74 
41 75 
41 76 
41 77 
42 43 
42 44 
42 45 
42 46 
42 47 
42 48 
42 49 
42 50 
42 51 
42 52 
42 53 
42 54 
42 55 
42 56 
42 57 
42 58 
42 59 
42 60 
42 61 
42 62 
42 63 
42 64 
42 65 
42 66 
42 67 
42 68 
42 69 
42 70 
42 71 
42 72 
42 73 
42 74 
42 75 
42 76 
42 77 
43 44 
43 45 
43 46 
43 47 
43 48 
43 49 
43 50 
43 51 
43 52 
43 53 
43 54 
43 55 
43 56 
43 57 
43 58 
43 59 
43 60 
43 61 
43 62 
43 63 
43 64 
43 65 
43 66 
43 67 
43 68 
43 69 
43 70 
43 71 
43 72 
43 73 
43 74 
43 75 
43 76 
43 77 
44 45 
44 46 
44 47 
44 48 
44 49 
44 50 
44 51 
44 52 
44 53 
44 54 
44 55 
44 56 
44 57 
44 58 
44 59 
44 60 
44 61 
44 62 
44 63 
44 64 
44 65 
44 66 
44 67 
44 68 
44 69 
44 70 
44 71 
44 72 
44 73 
44 74 
44 75 
44 76 
44 77 
45 46 
45 47 
45 48 
45 49 
45 50 
45 51 
45 52 
45 53 
45 54 
45 55 
45 56 
45 57 
45 58 
45 59 
45 60 
45 61 
45 62 
45 63 
45 64 
45 65 
45 66 
45 67 
45 68 
45 69 
45 70 
45 71 
45 72 
45 73 
45 74 
45 75 
45 76 
45 77 
46 47 
46 48 
46 49 
46 50 
46 51 
46 52 
46 53 
46 54 
46 55 
46 56 
46 57 
46 58 
46 59 
46 60 
46 61 
46 62 
46 63 
46 64 
46 65 
46 66 
46 67 
46 68 
46 69 
46 70 
46 71 
46 72 
46 73 
46 74 
46 75 
46 76 
46 77 
47 48 
47 49 
47 50 
47 51 
47 52 
47 53 
47 54 
47 55 
47 56 
47 57 
47 58 
47 59 
47 60 
47 61 
47 62 
47 63 
47 64 
47 65 
47 66 
47 67 
47 68 
47 69 
47 70 
47 71 
47 72 
47 73 
47 74 
47 75 
47 76 
47 77 
48 49 
48 50 
48 51 
48 52 
48 53 
48 54 
48 55 
48 56 
48 57 
48 58 
48 59 
48 60 
48 61 
48 62 
48 63 
48 64 
48 65 
48 66 
48 67 
48 68 
48 69 
48 70 
48 71 
48 72 
48 73 
48 74 
48 75 
48 76 
48 77 
49 50 
49 51 
49 52 
49 53 
49 54 
49 55 
49 56 
49 57 
49 58 
49 59 
49 60 
49 61 
49 62 
49 63 
49 64 
49 65 
49 66 
49 67 
49 68 
49 69 
49 70 
49 71 
49 72 
49 73 
49 74 
49 75 
49 76 
49 77 
50 51 
50 52 
50 53 
50 54 
50 55 
50 56 
50 57 
50 58 
50 59 
50 60 
50 61 
50 62 
50 63 
50 64 
50 65 
50 66 
50 67 
50 68 
50 69 
50 70 
50 71 
50 72 
50 73 
50 74 
50 75 
50 76 
50 77 
51 52 
51 53 
51 54 
51 55 
51 56 
51 57 
51 58 
51 59 
51 60 
51 61 
51 62 
51 63 
51 64 
51 65 
51 66 
51 67 
51 68 
51 69 
51 70 
51 71 
51 72 
51 73 
51 74 
51 75 
51 76 
51 77 
52 53 
52 54 
52 55 
52 56 
52 57 
52 58 
52 59 
52 60 
52 61 
52 62 
52 63 
52 64 
52 65 
52 66 
52 67 
52 68 
52 69 
52 70 
52 71 
52 72 
52 73 
52 74 
52 75 
52 76 
52 77 
53 54 
53 55 
53 56 
53 57 
53 58 
53 59 
53 60 
53 61 
53 62 
53 63 
53 64 
53 65 
53 66 
53 67 
53 68 
53 69 
53 70 
53 71 
53 72 
53 73 
53 74 
53 75 
53 76 
53 77 
54 55 
54 56 
54 57 
54 58 
54 59 
54 60 
54 61 
54 62 
54 63 
54 64 
54 65 
54 66 
54 67 
54 68 
54 69 
54 70 
54 71 
54 72 
54 73 
54 74 
54 75 
54 76 
54 77 
55 56 
55 57 
55 58 
55 59 
55 60 
55 61 
55 62 
55 63 
55 64 
55 65 
55 66 
55 67 
55 68 
55 69 
55 70 
55 71 
55 72 
55 73 
55 74 
55 75 
55 76 
55 77 
56 57 
56 58 
56 59 
56 60 
56 61 
56 62 
56 63 
56 64 
56 65 
56 66 
56 67 
56 68 
56 69 
56 70 
56 71 
56 72 
56 73 
56 74 
56 75 
56 76 
56 77 
57 58 
57 59 
57 60 
57 61 
57 62 
57 63 
57 64 
57 65 
57 66 
57 67 
57 68 
57 69 
57 70 
57 71 
57 72 
57 73 
57 74 
57 75 
57 76 
57 77 
58 59 
58 60 
58 61 
58 62 
58 63 
58 64 
58 65 
58 66 
58 67 
58 68 
58 69 
58 70 
58 71 
58 72 
58 73 
58 74 
58 75 
58 76 
58 77 
59 60 
59 61 
59 62 
59 63 
59 64 
59 65 
59 66 
59 67 
59 68 
59 69 
59 70 
59 71 
59 72 
59 73 
59 74 
59 75 
59 76 
59 77 
60 61 
60 62 
60 63 
60 64 
60 65 
60 66 
60 67 
60 68 
60 69 
60 70 
60 71 
60 72 
60 73 
60 74 
60 75 
60 76 
60 77 
61 62 
61 63 
61 64 
61 65 
61 66 
61 67 
61 68 
61 69 
61 70 
61 71 
61 72 
61 73 
61 74 
61 75 
61 76 
61 77 
62 63 
62 64 
62 65 
62 66 
62 67 
62 68 
62 69 
62 70 
62 71 
62 72 
62 73 
62 74 
62 75 
62 76 
62 77 
63 64 
63 65 
63 66 
63 67 
63 68 
63 69 
63 70 
63 71 
63 72 
63 73 
63 74 
63 75 
63 76 
63 77 
64 65 
64 66 
64 67 
64 68 
64 69 
64 70 
64 71 
64 72 
64 73 
64 74 
64 75 
64 76 
64 77 
65 66 
65 67 
65 68 
65 69 
65 70 
65 71 
65 72 
65 73 
65 74 
65 75 
65 76 
65 77 
66 67 
66 68 
66 69 
66 70 
66 71 
66 72 
66 73 
66 74 
66 75 
66 76 
66 77 
67 68 
67 69 
67 70 
67 71 
67 72 
67 73 
67 74 
67 75 
67 76 
67 77 
68 69 
68 70 
68 71 
68 72 
68 73 
68 74 
68 75 
68 76 
68 77 
69 70 
69 71 
69 72 
69 73 
69 74 
69 75 
69 76 
69 77 
70 71 
70 72 
70 73 
70 74 
70 75 
70 76 
70 77 
71 72 
71 73 
71 74 
71 75 
71 76 
71 77 
72 73 
72 74 
72 75 
72 76 
72 77 
73 74 
73 75 
73 76 
73 77 
74 75 
74 76 
74 77 
75 76 
75 77 
76 77 
22 23 
25 75 
31 77 
19 66 
3 16 
1 25 
13 52 
23 52 
4 49 
11 36 
30 36 
3 10 
30 70 
3 60 
29 40 
13 26 
9 13 
33 37 
9 60 
8 18 
1 36 
21 47 
7 51 
26 39 
7 55 
23 38 
1 34 
22 49 
29 49 
28 41 
33 39 
15 71 
22 71 
16 43 
4 27 
4 6 
16 30 
25 63 
27 64 
91 98 
1 33 
19 48 
7 49 
18 47 
14 42 
1 29 
20 56 
22 57 
29 31 
10 19 
84 89 
24 73 
7 38 
33 51 
21 39 
22 24 
22 28 
13 40 
24 38 
87 95 
2 71 
7 22 
79 89 
80 90 
27 32 
17 34 
14 73 
10 41 
16 61 
23 44 
17 75 
19 25 
4 20 
92 98 
21 63 
24 63 
10 68 
90 96 
80 99 
86 89 
87 98 
25 66 
1 38 
8 45 
5 22 
23 34 
27 57 
1 57 
24 61 
4 65 
10 68 
8 26 
15 76 
85 93 
10 13 
94 97 
16 70 
18 60 
12 30 
5 74 
4 13 
25 56 
28 44 
18 33 
78 99 
18 60 
18 39 
19 22 
1 75 
15 38 
90 100 
5 56 
10 65 
81 98 
32 42 
25 36 
10 57 
33 74 
5 48 
84 96 
26 30 
12 19 
14 61 
4 18 
26 63 
17 73 
2 51 
12 47 
3 24 
26 35 
33 40 
6 39 
25 33 
12 41 
3 7 
18 36 
13 52 
10 14 
15 23 
26 68 
89 95 
83 92 
14 56 
20 34 
27 43 
25 70 
26 75 
79 83 
22 27 
25 53 
23 32 
91 99 
16 73 
13 20 
26 77 
26 53 
20 56 
1 76 
18 28 
18 20 
22 30 
17 63 
33 36 
1 5 
29 70 
33 62 
9 25 
13 77 
26 27 
7 27 
28 56 
1 63 
8 11 
25 28 
18 34 
3 22 
28 74 
86 91 
22 31 
22 61 
93 94 
94 96 
15 60 
18 50 
15 63 
16 53 
2 49 
11 76 
29 62 
10 36 
3 30 
1 10 
26 63 
23 64 
29 63 
24 57 
11 58 
5 71 
7 70 
31 58 
5 51 
5 26 
27 36 
10 29 
27 33 
83 92 
2 65 
2 64 
2 21 
8 30 
32 56 
24 61 
6 70 
19 44 
14 46 
8 41 
23 28 
16 59 
80 87 
9 48 
14 30 
3 44 
10 41 
25 56 
23 59 
2 68 
21 32 
12 61 
23 63 
3 63 
4 41 
1 60 
23 30 
1 53 
3 23 
26 51 
16 73 
14 46 
23 60 
89 90 
6 54 
7 71 
23 69 
23 27 
1 38 
27 43 
14 64 
26 60 
14 33 
31 68 
16 18 
2 64 
25 29 
31 51 
18 65 
81 90 
13 39 
31 75 
15 52 
20 43 
33 69 
3 22 
4 39 
3 16 
7 73 
10 72 
17 64 
85 97 
26 37 
25 77 
85 96 
10 18 
16 45 
13 49 
16 66 
85 98 
32 57 
5 9 
12 49 
9 50 
13 21 
3 14 
2 65 
9 76 
3 49 
21 72 
13 40 
20 23 
79 100 
9 51 
30 60 
29 53 
17 35 
22 34 
17 46 
18 28 
29 32 
21 61 
7 39 
7 41 
78 93 
20 49 
21 42 
3 45 
12 37 
33 51 
17 76 
8 63 
2 23 
21 72 
3 8 
9 33 
4 7 
7 48 
30 73 
5 65 
17 23 
16 20 
17 51 
9 63 
7 73 
24 63 
6 60 
15 57 
8 16 
19 54 
6 60 
21 33 
29 68 
81 97 
30 66 
21 32 
19 60 
14 76 
28 51 
28 57 
5 31 
20 34 
2 54 
79 90 
13 31 
24 70 
9 55 
9 24 
32 60 
7 24 
20 58 
6 19 
87 99 
78 86 
10 48 
12 41 
22 28 
25 59 
81 94 
7 31 
8 33 
6 17 
16 70 
23 36 
6 13 
19 60 
28 63 
19 58 
21 29 
5 28 
32 76 
7 21 
26 58 
6 12 
80 81 
15 36 
3 13 
11 29 
4 10 
14 63 
32 65 
22 30 
16 75 
2 50 
20 31 
94 96 
18 66 
13 36 
14 39 
16 68 
9 19 
1 15 
11 55 
81 85 
21 41 
91 94 
1 66 
2 39 
5 72 
25 60 
28 59 
12 30 
11 38 
2 6 
18 33 
18 34 
15 39 
15 77 
17 44 
28 55 
16 22 
21 53 
15 76 
19 65 
2 42 
85 97 
8 72 
79 83 
22 55 
2 60 
4 41 
26 51 
8 52 
8 35 
26 59 
12 43 
31 45 
2 58 
26 34 
84 89 
13 24 
87 97 
25 48 
82 85 
18 23 
23 69 
8 22 
4 18 
88 99 
26 65 
9 42 
85 86 
28 51 
12 25 
4 50 
31 72 
22 76 
3 38 
19 30 
21 26 
80 92 
30 69 
2 32 
89 98 
81 85 
7 68 
20 25 
33 62 
10 23 
7 71 
83 84 
30 43 
22 73 
5 66 
3 71 
12 38 
7 38 
16 38 
89 94 
9 30 
87 99 
12 36 
2 44 
2 11 
83 91 
8 77 
16 60 
28 58 
16 22 
1 63 
86 93 
21 68 
22 59 
14 62 
24 57 
11 30 
80 97 
18 55 
12 60 
25 27 
29 30 
16 57 
33 43 
4 25 
7 16 
13 46 
23 71 
80 93 
26 47 
23 62 
6 16 
33 64 
1 63 
7 63 
85 98 
25 51 
4 35 
25 30 
31 64 
18 35 
3 33 
18 75 
3 73 
32 48 
12 66 
1 40 
23 55 
6 46 
33 61 
16 27 
89 90 
33 59 
10 20 
2 8 
10 19 
16 43 
5 47 
9 74 
23 35 
30 51 
12 65 
14 38 
17 64 
13 53 
6 53 
22 62 
19 52 
82 92 
27 36 
7 52 
9 32 
17 40 
1 16 
2 40 
10 54 
14 18 
80 98 
25 73 
26 48 
26 66 
24 63 
87 99 
80 97 
12 76 
2 9 
20 68 
6 39 
22 24 
14 28 
28 33 
83 87 
24 46 
8 15 
17 53 
86 99 
21 40 
15 72 
17 40 
81 88 
28 75 
8 26 
11 51 
3 38 
17 51 
27 52 
22 63 
11 26 
10 43 
33 52 
16 68 
4 66 
24 66 
25 28 
3 46 
25 33 
13 73 
13 34 
28 38 
21 66 
80 84 
2 54 
22 32 
12 47 
19 23 
2 77 
29 37 
11 13 
9 43 
25 31 
26 53 
2 27 
24 48 
21 42 
9 54 
11 61 
7 22 
23 45 
3 36 
10 60 
1 19 
29 77 
29 55 
27 74 
18 28 
7 48 
3 23 
12 55 
79 94 
32 39 
11 64 
29 42 
22 60 
10 13 
29 49 
9 33 
33 40 
31 52 
10 50 
18 56 
28 57 
83 96 
5 59 
1 42 
28 58 
2 29 
18 42 
29 71 
1 69 
26 55 
3 37 
4 69 
80 89 
90 95 
25 65 
13 55 
17 33 
17 36 
21 28 
2 69 
10 19 
24 27 
8 74 
11 19 
7 67 
17 39 
10 51 
9 37 
31 55 
24 54 
17 61 
5 47 
29 46 
5 11 
9 75 
1 77 
22 77 
31 52 
8 28 
2 25 
8 26 
9 51 
14 31 
7 61 
33 44 
12 56 
12 49 
14 63 
6 59 
22 39 
18 48 
24 68 
19 72 
13 49 
1 45 
9 43 
14 27 
17 33 
79 85 
3 21 
96 98 
19 36 
6 25 
23 31 
3 10 
15 65 
17 67 
31 75 
81 87 
1 60 
14 74 
80 88 
30 70 
4 50 
12 58 
92 96 
17 40 
19 40 
15 33 
7 10 
18 69 
80 99 
20 24 
10 59 
85 92 
5 45 
2 30 
1 73 
22 32 
3 13 
28 48 
17 29 
15 62 
25 76 
8 70 
12 61 
19 66 
12 60 
10 34 
11 33 
3 46 
3 12 
4 72 
11 46 
78 94 
17 51 
8 47 
2 26 
8 41 
27 69 
11 34 
23 54 
14 24 
93 97 
8 13 
7 19 
8 76 
86 87 
22 72 
80 90 
11 17 
85 98 
23 62 
88 90 
18 35 
9 14 
24 29 
78 99 
12 38 
1 29 
15 26 
13 40 
27 53 
13 70 
33 53 
17 71 
15 40 
19 62 
95 99 
27 45 
7 28 
30 51 
15 52 
91 97 
4 35 
4 17 
13 44 
16 50 
9 40 
1 59 
13 17 
11 39 
30 36 
1 29 
30 37 
27 68 
80 95 
3 47 
27 61 
9 46 
11 61 
16 70 
18 21 
23 41 
1 54 
17 22 
21 47 
20 60 
7 26 
30 39 
12 31 
27 69 
8 54 
24 74 
19 76 
3 66 
19 20 
11 66 
22 47 
10 63 
20 31 
30 51 
29 75 
2 39 
30 41 
91 94 
4 8 
18 32 
13 43 
22 37 
2 74 
1 68 
89 90 
2 76 
83 96 
29 33 
1 69 
3 58 
14 39 
26 54 
7 69 
4 55 
25 75 
11 23 
21 48 
25 56 
4 71 
16 19 
20 68 
13 22 
1 72 
92 93 
1 69 
3 71 
8 46 
10 48 
23 29 
83 93 
33 35 
8 75 
7 59 
24 59 
10 39 
32 60 
20 30 
33 62 
8 58 
4 23 
33 44 
21 27 
22 30 
83 85 
17 30 
7 37 
18 48 
4 16 
79 96 
5 49 
7 68 
21 40 
13 18 
11 29 
94 100 
17 76 
30 49 
33 68 
32 65 
11 43 
18 26 
29 61 
5 53 
93 98 
26 52 
4 57 
12 56 
17 53 
12 43 
12 75 
16 66 
9 22 
28 71 
80 83 
78 98 
83 91 
24 35 
17 34 
8 21 
24 28 
2 75 
33 62 
27 51 
32 51 
12 72 
30 43 
29 63 
5 37 
1 48 
23 75 
30 40 
16 49 
2 42 
28 62 
33 51 
2 6 
9 64 
22 32 
6 46 
17 67 
9 52 
88 90 
81 96 
6 34 
30 37 
29 44 
2 52 
2 63 
17 43 
33 66 
17 35 
89 95 
20 60 
79 96 
14 73 
84 92 
29 74 
24 51 
87 94 
9 58 
78 97 
79 92 
15 17 
90 98 
7 27 
22 76 
33 63 
28 62 
78 83 
3 17 
27 32 
30 72 
10 77 
16 23 
30 59 
30 66 
22 25 
11 48 
9 32 
84 88 
20 62 
15 37 
11 63 
33 57 
15 48 
24 71 
7 24 
33 62 
12 14 
3 36 
17 53 
26 58 
15 70 
11 77 
17 40 
21 72 
7 29 
1 75 
12 29 
80 85 
14 59 
16 20 
23 55 
3 68 
78 95 
22 77 
33 66 
2 30 
24 40 
3 62 
8 38 
1 47 
26 45 
13 29 
31 63 
3 72 
21 23 
13 30 
19 64 
8 9 
15 45 
10 54 
81 92 
81 87 
7 45 
15 76 
26 76 
5 40 
25 64 
18 56 
2 74 
29 77 
21 45 
28 75 
1 42 
86 97 
13 27 
20 47 
27 40 
20 26 
18 61 
17 77 
33 74 
5 32 
12 26 
7 11 
8 41 
8 15 
6 56 
4 7 
21 71 
6 72 
5 56 
9 45 
28 74 
30 41 
14 65 
15 27 
90 97 
14 47 
17 41 
21 38 
24 62 
28 45 
16 71 
9 20 
26 73 
6 62 
28 32 
81 93 
78 86 
12 65 
23 65 
84 89 
26 28 
3 11 
14 39 
21 57 
3 68 
23 54 
11 22 
87 96 
31 73 
6 50 
28 72 
25 33 
4 13 
11 60 
2 45 
21 39 
9 39 
26 61 
79 95 
24 28 
5 23 
12 74 
32 52 
23 65 
16 37 
20 72 
31 54 
16 37 
79 84 
28 54 
29 41 
32 64 
27 60 
78 95 
12 47 
14 31 
94 98 
30 77 
10 22 
2 23 
21 29 
1 64 
2 70 
30 63 
14 72 
12 23 
1 24 
21 58 
26 48 
80 84 
4 22 
19 36 
4 35 
2 63 
15 46 
3 56 
24 45 
97 99 
18 77 
81 89 
7 71 
27 69 
11 34 
13 48 
16 56 
23 33 
33 48 
23 73 
26 67 
26 64 
2 37 
25 53 
28 41 
29 61 
10 53 
17 67 
17 53 
2 42 
80 88 
8 51 
86 88 
12 40 
17 45 
4 40 
12 45 
7 68 
4 59 
81 96 
10 39 
23 51 
3 53 
26 69 
28 34 
21 38 
32 50 
5 10 
79 87 
28 51 
17 35 
85 90 
10 48 
2 74 
32 37 
9 58 
21 49 
2 63 
15 59 
4 29 
30 64 
25 31 
83 97 
82 85 
11 52 
5 74 
16 58 
84 98 
24 33 
26 37 
18 60 
4 17 
91 99 
1 11 
8 36 
10 40 
20 53 
21 52 
79 84 
4 36 
18 51 
12 71 
18 63 
78 96 
84 97 
96 99 
78 86 
21 52 
13 56 
3 5 
13 43 
7 32 
31 46 
31 72 
23 30 
26 30 
18 31 
1 12 
6 46 
5 16 
6 37 
2 45 
21 76 
25 56 
17 65 
96 100 
24 66 
1 60 
19 28 
22 27 
89 99 
15 61 
2 11 
14 56 
7 42 
23 56 
25 61 
18 55 
10 19 
17 41 
84 96 
25 41 
9 19 
31 40 
24 67 
9 39 
30 56 
7 67 
4 11 
16 17 
7 61 
25 32 
24 31 
11 55 
22 38 
25 62 
12 24 
8 25 
9 14 
3 43 
12 22 
26 62 
9 31 
5 43 
5 68 
21 53 
29 70 
17 57 
19 72 
29 53 
3 15 
11 65 
13 17 
17 23 
24 69 
20 77 
31 55 
5 56 
8 47 
6 19 
28 50 
85 98 
13 39 
12 23 
30 35 
24 75 
16 64 
21 56 
25 61 
7 21 
32 57 
1 38 
20 48 
21 46 
14 44 
29 42 
9 37 
3 72 
33 45 
14 67 
26 67 
31 37 
88 89 
30 71 
3 17 
32 66 
94 97 
8 51 
6 71 
20 32 
6 66 
17 45 
26 29 
33 34 
20 56 
23 67 
1 18 
1 43 
3 51 
20 71 
15 37 
23 56 
6 73 
1 7 
27 32 
22 32 
13 41 
25 69 
30 45 
21 39 
30 45 
14 24 
1 56 
94 98 
22 59 
1 13 
6 42 
17 44 
7 72 
17 20 
86 97 
5 16 
3 5 
17 43 
19 65 
17 53 
3 77 
14 20 
82 94 
14 24 
14 69 
20 75 
11 61 
23 75 
8 17 
14 64 
16 74 
79 97 
23 50 
6 50 
12 18 
28 47 
89 94 
14 20 
4 65 
6 51 
18 20 
18 74 
12 17 
16 18 
81 87 
7 39 
17 32 
25 73 
26 51 
6 26 
28 53 
30 65 
5 64 
15 58 
23 41 
3 13 
11 50 
2 34 
2 22 
28 62 
21 57 
93 99 
6 72 
11 48 
80 100 
14 72 
1 17 
31 43 
21 38 
10 27 
12 42 
33 35 
16 33 
2 49 
2 75 
12 50 
8 47 
7 62 
17 30 
2 7 
4 11 
5 23 
13 39 
30 62 
4 49 
32 48 
12 59 
78 93 
81 97 
81 84 
9 48 
23 59 
91 97 
6 54 
14 29 
17 60 
13 32 
7 34 
3 28 
1 9 
6 22 
23 63 
10 23 
33 65 
26 59 
3 32 
78 81 
80 84 
13 20 
4 17 
25 48 
11 58 
21 31 
24 75 
95 98 
2 16 
13 33 
8 39 
10 63 
16 33 
25 76 
28 52 
23 30 
31 71 
15 73 
2 42 
78 92 
6 23 
16 51 
7 67 
19 21 
91 95 
29 67 
3 10 
1 46 
10 42 
8 43 
23 35 
22 48 
2 66 
25 70 
33 36 
89 96 
6 61 
8 58 
20 45 
17 38 
6 24 
9 51 
20 73 
32 40 
12 72 
89 90 
33 68 
86 89 
2 21 
28 51 
22 41 
31 74 
92 94 
19 54 
2 5 
1 44 
78 96 
32 58 
89 92 
33 74 
28 46 
16 52 
20 26 
26 68 
1 33 
8 58 
24 55 
2 51 
25 31 
19 27 
18 45 
20 23 
6 66 
14 25 
9 64 
18 70 
19 42 
15 21 
32 41 
28 71 
4 55 
15 51 
7 42 
30 76 
8 45 
9 17 
26 73 
31 70 
7 31 
83 93 
8 74 
98 100 
9 20 
17 47 
29 57 
20 37 
27 67 
1 23 
22 59 
7 71 
7 9 
14 23 
20 24 
26 69 
3 21 
32 46 
6 36 
11 31 
3 42 
4 66 
89 98 
19 62 
18 26 
27 76 
30 35 
12 38 
29 42 
32 54 
30 43 
16 63 
30 47 
29 31 
7 65 
4 34 
14 25 
18 28 
3 58 
15 44 
7 70 
9 23 
12 73 
2 32 
27 34 
12 57 
14 29 
9 36 
1 31 
23 76 
26 55 
8 35 
9 68 
33 55 
8 31 
12 67 
24 28 
12 51 
9 74 
11 25 
83 99 
10 21 
90 93 
27 35 
14 18 
8 67 
8 28 
4 9 
13 73 
78 95 
21 45 
24 57 
87 100 
3 34 
21 72 
3 55 
13 64 
23 68 
6 50 
80 100 
20 38 
18 34 
1 54 
15 36 
9 15 
17 33 
3 22 
27 59 
19 44 
2 13 
4 18 
20 76 
33 61 
90 95 
5 68 
24 68 
9 57 
4 30 
18 25 
21 36 
5 67 
15 20 
17 44 
6 64 
24 59 
11 32 
9 33 
32 70 
28 62 
5 77 
25 34 
91 95 
30 53 
14 25 
11 59 
15 35 
16 41 
7 23 
12 35 
5 70 
26 32 
1 48 
33 65 
5 42 
12 68 
14 70 
3 31 
26 49 
17 34 
31 56 
25 77 
6 38 
82 91 
26 57 
25 43 
8 12 
6 55 
7 72 
29 64 
31 76 
2 6 
18 44 
1 38 
4 47 
4 47 
16 24 
17 52 
19 25 
6 21 
10 62 
16 45 
15 75 
82 88 
88 92 
89 97 
9 60 
6 47 
9 27 
7 30 
17 68 
9 68 
23 45 
11 60 
23 36 
27 30 
23 41 
30 34 
22 75 
24 61 
26 41 
8 22 
19 50 
18 49 
19 41 
3 36 
20 40 
23 72 
5 42 
18 38 
8 69 
27 54 
3 36 
2 29 
5 28 
78 97 
24 32 
32 47 
8 51 
8 44 
26 36 
9 59 
24 68 
10 66 
30 63 
13 57 
16 57 
1 46 
28 46 
19 24 
14 29 
5 26 
96 100 
20 58 
83 87 
10 73 
20 36 
9 45 
4 13 
1 57 
27 51 
25 38 
26 28 
5 15 
9 46 
2 68 
2 26 
8 72 
24 42 
2 16 
28 77 
21 40 
30 43 
3 75 
24 71 
7 54 
15 61 
3 23 
8 17 
21 54 
86 88 
29 44 
29 77 
8 33 
17 22 
20 41 
80 84 
21 41 
7 31 
9 36 
23 50 
3 53 
89 90 
84 94 
1 18 
20 26 
18 21 
23 75 
19 41 
18 76 
12 58 
4 29 
15 49 
7 23 
22 23 
