1 2 
1 3 
2 3 
4 5 
4 6 
5 6 
7 8 
7 9 
8 9 
10 11 
10 12 
11 12 
13 14 
13 15 
13 16 
14 15 
14 16 
15 16 
17 18 
17 19 
17 20 
18 19 
18 20 
19 20 
21 22 
21 23 
22 23 
24 25 
24 26 
24 27 
25 26 
25 27 
26 27 
28 29 
28 30 
28 31 
29 30 
29 31 
30 31 
32 33 
32 34 
32 35 
32 36 
32 37 
32 38 
32 39 
32 40 
32 41 
32 42 
32 43 
32 44 
32 45 
32 46 
32 47 
32 48 
32 49 
32 50 
32 51 
32 52 
32 53 
32 54 
32 55 
32 56 
32 57 
32 58 
32 59 
32 60 
32 61 
32 62 
32 63 
32 64 
32 65 
32 66 
32 67 
32 68 
32 69 
32 70 
32 71 
32 72 
32 73 
32 74 
32 75 
33 34 
33 35 
33 36 
33 37 
33 38 
33 39 
33 40 
33 41 
33 42 
33 43 
33 44 
33 45 
33 46 
33 47 
33 48 
33 49 
33 50 
33 51 
33 52 
33 53 
33 54 
33 55 
33 56 
33 57 
33 58 
33 59 
33 60 
33 61 
33 62 
33 63 
33 64 
33 65 
33 66 
33 67 
33 68 
33 69 
33 70 
33 71 
33 72 
33 73 
33 74 
33 75 
34 35 
34 36 
34 37 
34 38 
34 39 
34 40 
34 41 
34 42 
34 43 
34 44 
34 45 
34 46 
34 47 
34 48 
34 49 
34 50 
34 51 
34 52 
34 53 
34 54 
34 55 
34 56 
34 57 
34 58 
34 59 
34 60 
34 61 
34 62 
34 63 
34 64 
34 65 
34 66 
34 67 
34 68 
34 69 
34 70 
34 71 
34 72 
34 73 
34 74 
34 75 
35 36 
35 37 
35 38 
35 39 
35 40 
35 41 
35 42 
35 43 
35 44 
35 45 
35 46 
35 47 
35 48 
35 49 
35 50 
35 51 
35 52 
35 53 
35 54 
35 55 
35 56 
35 57 
35 58 
35 59 
35 60 
35 61 
35 62 
35 63 
35 64 
35 65 
35 66 
35 67 
35 68 
35 69 
35 70 
35 71 
35 72 
35 73 
35 74 
35 75 
36 37 
36 38 
36 39 
36 40 
36 41 
36 42 
36 43 
36 44 
36 45 
36 46 
36 47 
36 48 
36 49 
36 50 
36 51 
36 52 
36 53 
36 54 
36 55 
36 56 
36 57 
36 58 
36 59 
36 60 
36 61 
36 62 
36 63 
36 64 
36 65 
36 66 
36 67 
36 68 
36 69 
36 70 
36 71 
36 72 
36 73 
36 74 
36 75 
37 38 
37 39 
37 40 
37 41 
37 42 
37 43 
37 44 
37 45 
37 46 
37 47 
37 48 
37 49 
37 50 
37 51 
37 52 
37 53 
37 54 
37 55 
37 56 
37 57 
37 58 
37 59 
37 60 
37 61 
37 62 
37 63 
37 64 
37 65 
37 66 
37 67 
37 68 
37 69 
37 70 
37 71 
37 72 
37 73 
37 74 
37 75 
38 39 
38 40 
38 41 
38 42 
38 43 
38 44 
38 45 
38 46 
38 47 
38 48 
38 49 
38 50 
38 51 
38 52 
38 53 
38 54 
38 55 
38 56 
38 57 
38 58 
38 59 
38 60 
38 61 
38 62 
38 63 
38 64 
38 65 
38 66 
38 67 
38 68 
38 69 
38 70 
38 71 
38 72 
38 73 
38 74 
38 75 
39 40 
39 41 
39 42 
39 43 
39 44 
39 45 
39 46 
39 47 
39 48 
39 49 
39 50 
39 51 
39 52 
39 53 
39 54 
39 55 
39 56 
39 57 
39 58 
39 59 
39 60 
39 61 
39 62 
39 63 
39 64 
39 65 
39 66 
39 67 
39 68 
39 69 
39 70 
39 71 
39 72 
39 73 
39 74 
39 75 
40 41 
40 42 
40 43 
40 44 
40 45 
40 46 
40 47 
40 48 
40 49 
40 50 
40 51 
40 52 
40 53 
40 54 
40 55 
40 56 
40 57 
40 58 
40 59 
40 60 
40 61 
40 62 
40 63 
40 64 
40 65 
40 66 
40 67 
40 68 
40 69 
40 70 
40 71 
40 72 
40 73 
40 74 
40 75 
41 42 
41 43 
41 44 
41 45 
41 46 
41 47 
41 48 
41 49 
41 50 
41 51 
41 52 
41 53 
41 54 
41 55 
41 56 
41 57 
41 58 
41 59 
41 60 
41 61 
41 62 
41 63 
41 64 
41 65 
41 66 
41 67 
41 68 
41 69 
41 70 
41 71 
41 72 
41 73 
41 74 
41 75 
42 43 
42 44 
42 45 
42 46 
42 47 
42 48 
42 49 
42 50 
42 51 
42 52 
42 53 
42 54 
42 55 
42 56 
42 57 
42 58 
42 59 
42 60 
42 61 
42 62 
42 63 
42 64 
42 65 
42 66 
42 67 
42 68 
42 69 
42 70 
42 71 
42 72 
42 73 
42 74 
42 75 
43 44 
43 45 
43 46 
43 47 
43 48 
43 49 
43 50 
43 51 
43 52 
43 53 
43 54 
43 55 
43 56 
43 57 
43 58 
43 59 
43 60 
43 61 
43 62 
43 63 
43 64 
43 65 
43 66 
43 67 
43 68 
43 69 
43 70 
43 71 
43 72 
43 73 
43 74 
43 75 
44 45 
44 46 
44 47 
44 48 
44 49 
44 50 
44 51 
44 52 
44 53 
44 54 
44 55 
44 56 
44 57 
44 58 
44 59 
44 60 
44 61 
44 62 
44 63 
44 64 
44 65 
44 66 
44 67 
44 68 
44 69 
44 70 
44 71 
44 72 
44 73 
44 74 
44 75 
45 46 
45 47 
45 48 
45 49 
45 50 
45 51 
45 52 
45 53 
45 54 
45 55 
45 56 
45 57 
45 58 
45 59 
45 60 
45 61 
45 62 
45 63 
45 64 
45 65 
45 66 
45 67 
45 68 
45 69 
45 70 
45 71 
45 72 
45 73 
45 74 
45 75 
46 47 
46 48 
46 49 
46 50 
46 51 
46 52 
46 53 
46 54 
46 55 
46 56 
46 57 
46 58 
46 59 
46 60 
46 61 
46 62 
46 63 
46 64 
46 65 
46 66 
46 67 
46 68 
46 69 
46 70 
46 71 
46 72 
46 73 
46 74 
46 75 
47 48 
47 49 
47 50 
47 51 
47 52 
47 53 
47 54 
47 55 
47 56 
47 57 
47 58 
47 59 
47 60 
47 61 
47 62 
47 63 
47 64 
47 65 
47 66 
47 67 
47 68 
47 69 
47 70 
47 71 
47 72 
47 73 
47 74 
47 75 
48 49 
48 50 
48 51 
48 52 
48 53 
48 54 
48 55 
48 56 
48 57 
48 58 
48 59 
48 60 
48 61 
48 62 
48 63 
48 64 
48 65 
48 66 
48 67 
48 68 
48 69 
48 70 
48 71 
48 72 
48 73 
48 74 
48 75 
49 50 
49 51 
49 52 
49 53 
49 54 
49 55 
49 56 
49 57 
49 58 
49 59 
49 60 
49 61 
49 62 
49 63 
49 64 
49 65 
49 66 
49 67 
49 68 
49 69 
49 70 
49 71 
49 72 
49 73 
49 74 
49 75 
50 51 
50 52 
50 53 
50 54 
50 55 
50 56 
50 57 
50 58 
50 59 
50 60 
50 61 
50 62 
50 63 
50 64 
50 65 
50 66 
50 67 
50 68 
50 69 
50 70 
50 71 
50 72 
50 73 
50 74 
50 75 
51 52 
51 53 
51 54 
51 55 
51 56 
51 57 
51 58 
51 59 
51 60 
51 61 
51 62 
51 63 
51 64 
51 65 
51 66 
51 67 
51 68 
51 69 
51 70 
51 71 
51 72 
51 73 
51 74 
51 75 
52 53 
52 54 
52 55 
52 56 
52 57 
52 58 
52 59 
52 60 
52 61 
52 62 
52 63 
52 64 
52 65 
52 66 
52 67 
52 68 
52 69 
52 70 
52 71 
52 72 
52 73 
52 74 
52 75 
53 54 
53 55 
53 56 
53 57 
53 58 
53 59 
53 60 
53 61 
53 62 
53 63 
53 64 
53 65 
53 66 
53 67 
53 68 
53 69 
53 70 
53 71 
53 72 
53 73 
53 74 
53 75 
54 55 
54 56 
54 57 
54 58 
54 59 
54 60 
54 61 
54 62 
54 63 
54 64 
54 65 
54 66 
54 67 
54 68 
54 69 
54 70 
54 71 
54 72 
54 73 
54 74 
54 75 
55 56 
55 57 
55 58 
55 59 
55 60 
55 61 
55 62 
55 63 
55 64 
55 65 
55 66 
55 67 
55 68 
55 69 
55 70 
55 71 
55 72 
55 73 
55 74 
55 75 
56 57 
56 58 
56 59 
56 60 
56 61 
56 62 
56 63 
56 64 
56 65 
56 66 
56 67 
56 68 
56 69 
56 70 
56 71 
56 72 
56 73 
56 74 
56 75 
57 58 
57 59 
57 60 
57 61 
57 62 
57 63 
57 64 
57 65 
57 66 
57 67 
57 68 
57 69 
57 70 
57 71 
57 72 
57 73 
57 74 
57 75 
58 59 
58 60 
58 61 
58 62 
58 63 
58 64 
58 65 
58 66 
58 67 
58 68 
58 69 
58 70 
58 71 
58 72 
58 73 
58 74 
58 75 
59 60 
59 61 
59 62 
59 63 
59 64 
59 65 
59 66 
59 67 
59 68 
59 69 
59 70 
59 71 
59 72 
59 73 
59 74 
59 75 
60 61 
60 62 
60 63 
60 64 
60 65 
60 66 
60 67 
60 68 
60 69 
60 70 
60 71 
60 72 
60 73 
60 74 
60 75 
61 62 
61 63 
61 64 
61 65 
61 66 
61 67 
61 68 
61 69 
61 70 
61 71 
61 72 
61 73 
61 74 
61 75 
62 63 
62 64 
62 65 
62 66 
62 67 
62 68 
62 69 
62 70 
62 71 
62 72 
62 73 
62 74 
62 75 
63 64 
63 65 
63 66 
63 67 
63 68 
63 69 
63 70 
63 71 
63 72 
63 73 
63 74 
63 75 
64 65 
64 66 
64 67 
64 68 
64 69 
64 70 
64 71 
64 72 
64 73 
64 74 
64 75 
65 66 
65 67 
65 68 
65 69 
65 70 
65 71 
65 72 
65 73 
65 74 
65 75 
66 67 
66 68 
66 69 
66 70 
66 71 
66 72 
66 73 
66 74 
66 75 
67 68 
67 69 
67 70 
67 71 
67 72 
67 73 
67 74 
67 75 
68 69 
68 70 
68 71 
68 72 
68 73 
68 74 
68 75 
69 70 
69 71 
69 72 
69 73 
69 74 
69 75 
70 71 
70 72 
70 73 
70 74 
70 75 
71 72 
71 73 
71 74 
71 75 
72 73 
72 74 
72 75 
73 74 
73 75 
74 75 
77 87 
31 71 
4 74 
83 94 
5 36 
30 73 
8 58 
29 63 
10 68 
25 54 
8 49 
13 57 
83 98 
20 47 
81 86 
91 97 
2 57 
23 74 
10 43 
3 20 
31 48 
79 85 
17 21 
31 55 
12 47 
17 59 
79 97 
18 66 
88 93 
11 45 
23 51 
14 65 
0 39 
9 47 
17 35 
13 28 
26 52 
0 49 
15 69 
0 50 
2 61 
24 62 
0 20 
1 70 
6 66 
1 39 
4 64 
27 73 
14 25 
26 37 
23 72 
30 54 
2 69 
84 97 
24 55 
10 72 
31 74 
2 13 
23 70 
8 30 
31 62 
11 38 
21 36 
6 55 
22 73 
3 14 
7 32 
24 72 
12 70 
22 34 
4 43 
30 32 
22 65 
4 39 
19 68 
3 40 
21 46 
82 88 
6 18 
10 23 
31 67 
9 55 
89 97 
0 5 
6 21 
16 35 
18 70 
10 18 
9 53 
21 31 
78 90 
13 67 
3 14 
4 9 
21 74 
6 56 
14 34 
22 38 
89 90 
30 69 
21 40 
23 50 
21 56 
1 48 
23 60 
26 48 
19 61 
22 58 
11 48 
8 72 
26 34 
1 35 
15 61 
2 6 
25 43 
17 51 
87 99 
2 18 
1 5 
14 55 
16 66 
16 75 
78 87 
11 31 
4 39 
23 61 
26 29 
4 8 
21 42 
14 70 
27 35 
87 88 
27 61 
9 30 
5 46 
30 36 
85 99 
78 89 
15 20 
1 28 
1 44 
12 20 
0 28 
76 95 
26 46 
22 49 
9 45 
2 23 
5 7 
15 68 
16 62 
19 70 
4 48 
25 37 
9 22 
12 59 
1 16 
13 39 
10 16 
16 47 
26 33 
11 41 
7 74 
7 61 
21 60 
16 75 
13 36 
21 67 
5 29 
25 44 
0 55 
81 90 
78 89 
81 93 
9 62 
78 92 
8 59 
76 85 
3 49 
79 88 
28 50 
82 89 
15 55 
24 53 
20 62 
22 52 
79 91 
10 44 
2 34 
8 66 
23 24 
7 48 
31 74 
2 26 
3 33 
17 40 
19 50 
9 57 
23 69 
2 55 
16 46 
8 64 
90 92 
2 55 
9 65 
10 53 
6 31 
30 51 
22 46 
17 39 
4 25 
22 39 
4 28 
9 69 
97 98 
1 73 
3 36 
0 5 
82 90 
28 74 
19 53 
6 48 
16 42 
12 32 
22 38 
13 50 
23 44 
85 94 
15 38 
98 99 
14 75 
0 6 
12 32 
11 58 
12 37 
16 69 
82 99 
87 95 
13 21 
0 1 
90 96 
29 36 
19 67 
3 47 
0 85 
14 65 
1 47 
5 48 
11 33 
9 45 
20 68 
3 53 
87 91 
16 65 
29 64 
78 99 
22 57 
24 30 
9 32 
18 66 
10 61 
8 44 
14 69 
0 59 
10 15 
8 75 
1 64 
77 78 
6 26 
12 13 
6 30 
10 55 
1 37 
9 44 
94 99 
2 65 
11 25 
11 39 
1 25 
26 53 
25 71 
82 97 
17 49 
1 38 
3 50 
25 67 
28 39 
7 10 
0 32 
31 33 
86 89 
11 15 
2 44 
77 92 
17 64 
19 69 
30 34 
4 61 
2 50 
83 96 
6 16 
12 61 
8 48 
87 97 
0 79 
24 57 
8 40 
27 32 
20 70 
14 68 
1 72 
78 80 
0 6 
17 26 
7 18 
23 48 
31 56 
1 59 
24 53 
10 66 
9 17 
20 44 
9 61 
7 52 
22 52 
2 61 
16 64 
25 69 
0 48 
25 38 
0 36 
27 52 
93 97 
3 8 
3 27 
17 32 
7 62 
18 63 
24 54 
79 97 
95 99 
77 84 
20 73 
17 31 
2 32 
6 50 
15 54 
91 95 
1 57 
7 42 
7 29 
4 67 
23 40 
0 12 
19 55 
83 99 
16 29 
0 50 
10 32 
12 69 
31 36 
13 67 
30 42 
5 73 
18 46 
20 31 
0 52 
2 48 
7 26 
13 21 
28 58 
13 28 
21 35 
3 13 
4 22 
9 10 
28 75 
9 30 
14 63 
7 27 
2 31 
15 49 
83 94 
23 71 
14 52 
1 45 
12 39 
27 54 
19 45 
2 57 
9 36 
4 72 
7 21 
88 95 
77 93 
10 75 
30 58 
28 47 
16 68 
11 60 
25 61 
8 21 
3 11 
27 50 
9 57 
8 17 
0 85 
20 62 
12 59 
7 15 
87 90 
23 63 
11 67 
13 32 
26 74 
76 83 
76 91 
2 61 
3 60 
13 71 
4 34 
87 95 
30 48 
2 17 
87 98 
29 67 
4 21 
31 66 
15 28 
11 39 
20 64 
80 99 
84 94 
30 42 
11 41 
22 54 
13 54 
0 81 
31 47 
14 31 
76 85 
20 32 
13 75 
88 95 
10 35 
31 61 
23 70 
90 96 
79 80 
18 47 
2 43 
21 69 
24 73 
16 17 
8 50 
18 24 
19 25 
82 83 
12 34 
27 43 
14 19 
8 43 
8 47 
9 26 
22 61 
9 22 
11 70 
4 51 
19 65 
6 58 
25 50 
95 99 
30 40 
17 52 
4 71 
81 99 
3 58 
12 23 
20 63 
26 31 
81 96 
24 37 
29 39 
88 89 
4 12 
26 60 
15 25 
14 23 
15 53 
7 58 
82 86 
8 72 
13 25 
5 22 
87 95 
80 92 
5 67 
13 74 
85 95 
28 45 
15 19 
22 39 
14 34 
0 61 
25 67 
12 69 
5 21 
30 74 
2 36 
24 69 
86 87 
30 42 
19 55 
15 61 
21 56 
16 60 
6 40 
21 64 
14 34 
30 41 
22 56 
7 60 
11 70 
19 70 
17 40 
5 12 
22 44 
10 37 
31 64 
11 29 
0 66 
7 63 
3 41 
17 66 
16 20 
5 7 
24 63 
78 79 
90 93 
8 40 
23 44 
3 20 
28 39 
28 54 
77 99 
27 60 
90 95 
24 52 
17 64 
82 95 
2 69 
79 84 
30 51 
31 63 
10 29 
23 63 
79 87 
7 17 
27 49 
0 74 
0 82 
83 93 
29 52 
28 66 
2 54 
7 23 
27 52 
1 8 
10 47 
13 53 
2 37 
78 82 
11 13 
12 13 
77 92 
25 31 
8 65 
7 70 
8 36 
21 73 
81 89 
31 34 
11 69 
91 92 
10 14 
18 36 
13 17 
5 57 
26 39 
24 38 
9 14 
7 16 
25 33 
15 73 
28 61 
76 90 
18 54 
13 74 
24 73 
2 73 
76 77 
82 87 
3 41 
10 42 
7 51 
2 73 
18 57 
26 31 
16 23 
5 38 
84 94 
10 71 
9 29 
9 61 
27 69 
80 94 
11 64 
9 17 
86 91 
1 61 
7 28 
21 44 
15 72 
19 58 
15 60 
2 51 
23 35 
19 71 
20 28 
6 22 
22 72 
25 30 
7 10 
1 70 
6 40 
15 21 
23 43 
23 41 
31 75 
4 23 
22 28 
29 71 
1 8 
21 27 
1 53 
12 30 
29 64 
25 65 
15 55 
9 43 
0 16 
2 54 
20 66 
11 62 
19 48 
0 64 
26 57 
4 52 
80 82 
4 72 
12 59 
5 44 
9 31 
3 64 
22 72 
4 44 
2 20 
26 50 
13 41 
18 38 
24 75 
6 62 
89 92 
16 60 
15 26 
6 72 
18 56 
78 89 
0 34 
12 38 
11 45 
20 51 
27 62 
16 25 
91 92 
17 75 
26 44 
87 95 
23 54 
30 44 
0 3 
2 65 
7 61 
16 23 
13 60 
31 33 
5 56 
6 19 
8 25 
3 30 
6 48 
15 52 
26 73 
2 74 
76 95 
0 24 
4 42 
4 73 
0 33 
81 94 
25 33 
2 13 
76 97 
86 93 
1 4 
2 4 
21 24 
11 23 
8 48 
9 44 
27 37 
10 48 
20 66 
6 42 
0 63 
3 52 
8 21 
8 55 
20 75 
31 40 
26 66 
2 69 
9 26 
17 38 
17 39 
23 47 
15 68 
10 32 
30 67 
2 42 
9 16 
0 60 
12 58 
10 68 
24 55 
16 19 
3 41 
22 53 
19 68 
11 37 
22 68 
0 79 
27 66 
29 61 
18 57 
90 91 
16 52 
11 66 
10 31 
23 45 
83 95 
0 46 
14 64 
27 59 
17 71 
81 85 
11 16 
0 71 
24 62 
16 71 
84 91 
15 17 
10 31 
21 27 
4 39 
28 75 
11 14 
1 4 
15 17 
5 26 
20 21 
27 62 
4 14 
4 32 
23 25 
1 69 
14 20 
25 61 
3 45 
82 97 
2 42 
9 39 
13 50 
24 70 
3 23 
0 91 
13 29 
8 47 
80 84 
19 75 
31 41 
10 51 
29 54 
25 35 
21 64 
31 61 
24 64 
9 23 
6 66 
6 48 
11 31 
3 26 
16 47 
6 55 
11 16 
19 48 
14 25 
0 46 
80 82 
18 29 
24 34 
2 13 
90 92 
6 22 
18 54 
26 56 
0 78 
6 62 
4 34 
15 46 
19 64 
9 75 
6 67 
17 39 
19 67 
1 55 
4 34 
19 65 
78 87 
82 91 
24 67 
0 48 
88 91 
23 34 
26 67 
3 74 
8 20 
91 93 
2 17 
19 63 
14 67 
23 66 
20 53 
17 70 
8 53 
31 46 
22 57 
2 48 
4 37 
13 42 
25 46 
21 47 
30 53 
15 62 
11 35 
81 91 
27 30 
10 47 
12 47 
7 61 
20 62 
24 35 
0 26 
1 55 
17 30 
80 84 
27 70 
14 45 
95 97 
10 73 
15 45 
2 13 
4 31 
16 20 
0 75 
9 59 
14 32 
10 44 
9 12 
13 57 
28 55 
22 67 
0 35 
3 41 
19 28 
79 87 
84 95 
81 88 
96 97 
88 99 
14 69 
28 41 
16 60 
19 46 
87 94 
7 20 
7 54 
29 48 
2 54 
29 59 
16 49 
86 89 
10 64 
26 32 
3 17 
8 12 
31 70 
26 40 
87 91 
84 94 
11 58 
14 29 
3 49 
79 91 
19 33 
80 89 
19 22 
8 62 
0 1 
5 57 
5 24 
23 42 
6 7 
5 49 
27 69 
18 75 
5 58 
3 14 
10 73 
20 75 
22 45 
26 54 
24 50 
25 44 
29 35 
20 75 
10 61 
13 51 
29 42 
11 64 
17 32 
21 48 
12 26 
31 51 
1 11 
7 60 
1 13 
0 64 
27 30 
76 77 
25 32 
22 42 
76 80 
81 82 
13 60 
7 41 
14 55 
15 72 
21 41 
13 43 
10 56 
85 98 
12 62 
0 20 
16 31 
5 26 
5 15 
19 37 
13 69 
29 43 
25 54 
5 72 
80 98 
8 47 
7 71 
29 63 
81 86 
3 15 
3 27 
16 65 
23 43 
9 65 
18 70 
2 6 
23 32 
1 44 
79 86 
14 47 
31 62 
92 94 
81 85 
7 43 
85 88 
6 27 
85 94 
13 59 
9 37 
4 29 
6 67 
22 36 
25 43 
20 70 
21 68 
3 36 
91 96 
20 23 
17 31 
13 57 
25 55 
12 16 
24 61 
27 48 
9 63 
0 83 
4 42 
8 62 
18 34 
25 65 
17 41 
3 28 
5 19 
2 64 
31 52 
7 45 
28 45 
24 32 
10 47 
77 86 
7 16 
26 65 
80 96 
16 18 
14 23 
23 46 
95 97 
17 32 
14 38 
84 95 
76 90 
28 50 
84 92 
22 29 
77 98 
14 47 
17 55 
12 21 
89 92 
24 69 
4 75 
1 28 
11 64 
86 94 
79 99 
7 41 
25 59 
13 46 
10 41 
24 44 
10 74 
5 72 
11 27 
9 67 
8 56 
15 29 
14 43 
7 20 
10 48 
17 57 
1 68 
6 12 
16 43 
4 43 
24 41 
20 25 
5 67 
22 29 
31 64 
82 89 
8 71 
2 11 
5 32 
29 73 
27 36 
13 21 
87 96 
2 49 
9 51 
5 51 
14 67 
10 25 
25 33 
14 54 
11 65 
2 33 
31 71 
8 63 
3 41 
82 84 
6 54 
25 63 
10 24 
3 16 
88 92 
7 26 
80 83 
30 55 
29 68 
8 21 
79 99 
29 42 
23 24 
13 17 
1 40 
76 82 
8 62 
10 65 
7 54 
11 15 
17 55 
82 83 
12 27 
0 52 
6 51 
18 44 
77 81 
22 45 
18 58 
8 31 
12 63 
15 73 
18 66 
26 63 
25 43 
12 33 
1 23 
80 93 
2 10 
24 47 
13 70 
30 46 
89 95 
81 83 
14 66 
11 18 
31 49 
28 64 
78 80 
16 23 
31 40 
7 75 
3 7 
10 58 
6 69 
10 48 
5 33 
21 25 
1 49 
88 98 
27 48 
23 32 
22 75 
29 55 
78 99 
4 14 
4 21 
7 62 
3 46 
7 49 
11 53 
29 58 
23 51 
9 41 
17 28 
9 31 
0 78 
77 99 
10 71 
22 43 
2 64 
84 91 
17 42 
15 69 
11 28 
8 41 
21 71 
3 50 
5 36 
1 19 
27 43 
83 89 
7 20 
15 40 
16 60 
0 33 
4 64 
29 66 
0 12 
9 27 
30 64 
31 60 
12 20 
17 26 
11 31 
12 47 
17 37 
20 44 
14 24 
1 71 
2 32 
25 38 
5 19 
2 45 
0 49 
18 51 
11 47 
28 44 
25 61 
18 69 
4 75 
80 92 
78 86 
1 30 
4 49 
0 96 
20 27 
16 44 
15 30 
23 25 
26 49 
11 64 
6 72 
6 64 
5 18 
17 51 
10 28 
4 46 
18 26 
18 27 
30 45 
31 47 
14 35 
4 67 
14 63 
31 72 
10 64 
7 18 
85 98 
23 42 
18 22 
11 71 
5 28 
8 11 
25 47 
29 72 
97 99 
17 58 
1 57 
10 38 
79 97 
14 54 
76 91 
79 83 
82 83 
14 20 
13 30 
11 24 
11 37 
29 46 
20 44 
2 61 
30 66 
7 65 
19 40 
31 60 
19 58 
25 42 
82 84 
21 46 
17 75 
25 70 
76 87 
27 41 
14 58 
27 42 
15 61 
1 21 
76 97 
15 60 
14 75 
1 31 
0 27 
16 42 
85 88 
0 61 
79 82 
1 65 
77 86 
14 60 
24 71 
6 73 
86 94 
9 64 
3 17 
25 31 
3 57 
3 35 
4 16 
15 57 
24 29 
77 84 
13 44 
14 49 
16 31 
21 30 
3 25 
18 46 
19 22 
80 98 
25 32 
76 85 
12 68 
79 96 
19 69 
26 33 
89 94 
10 70 
20 57 
24 75 
0 14 
28 54 
3 21 
13 44 
20 55 
19 41 
21 30 
23 48 
28 38 
18 35 
10 46 
78 93 
80 87 
5 37 
22 41 
22 43 
9 75 
31 71 
1 71 
1 49 
6 19 
79 98 
15 42 
76 98 
23 30 
8 50 
3 23 
9 53 
2 36 
81 82 
8 42 
30 44 
17 55 
30 68 
8 41 
6 61 
29 38 
12 59 
7 68 
6 32 
16 32 
82 83 
8 54 
24 70 
0 38 
9 23 
12 47 
20 28 
25 68 
5 47 
19 30 
6 59 
10 39 
81 89 
6 25 
12 14 
1 67 
1 33 
14 35 
16 34 
21 66 
13 38 
31 74 
83 86 
4 8 
3 20 
16 27 
21 37 
90 92 
1 41 
98 99 
13 30 
7 20 
11 51 
25 34 
20 38 
17 25 
17 51 
4 9 
31 62 
6 72 
9 75 
78 89 
81 98 
1 59 
22 49 
2 67 
25 51 
17 51 
21 64 
18 41 
1 14 
5 45 
15 24 
12 26 
24 71 
11 43 
16 39 
30 40 
78 81 
4 75 
17 50 
86 96 
91 95 
20 29 
12 62 
2 36 
13 44 
2 69 
29 32 
29 58 
0 53 
21 54 
1 50 
9 35 
0 57 
13 61 
24 64 
14 54 
18 22 
20 53 
17 64 
85 97 
6 74 
84 92 
4 36 
11 14 
12 69 
0 52 
24 63 
2 46 
13 69 
18 40 
4 48 
2 15 
2 44 
13 66 
90 99 
18 65 
16 20 
27 50 
9 22 
9 74 
23 28 
84 87 
30 72 
27 40 
19 45 
84 93 
77 78 
3 9 
0 58 
29 57 
24 35 
25 37 
9 68 
29 73 
31 59 
27 35 
0 9 
25 63 
25 41 
19 69 
24 34 
9 56 
5 73 
5 48 
25 30 
29 40 
12 49 
18 42 
17 75 
31 50 
4 53 
4 49 
21 32 
18 37 
17 42 
3 17 
0 56 
8 22 
4 8 
4 65 
17 26 
26 41 
84 86 
28 50 
10 46 
6 9 
12 13 
6 10 
82 90 
7 13 
0 56 
19 40 
29 36 
8 67 
2 32 
4 34 
17 28 
12 53 
28 58 
1 20 
18 52 
4 28 
21 53 
25 68 
28 70 
8 38 
81 93 
15 20 
31 34 
26 33 
85 94 
17 36 
22 70 
24 50 
28 46 
18 71 
0 96 
20 58 
8 37 
12 48 
3 49 
5 56 
2 67 
15 72 
4 65 
30 69 
30 61 
22 60 
80 83 
29 38 
18 38 
9 14 
3 48 
24 70 
12 13 
18 57 
8 40 
2 67 
25 59 
28 41 
21 37 
30 58 
24 75 
0 53 
2 58 
1 33 
15 25 
9 39 
22 70 
24 47 
25 28 
83 92 
77 88 
24 41 
13 32 
2 46 
26 32 
90 96 
10 34 
26 62 
28 67 
21 68 
98 99 
12 28 
0 25 
22 69 
27 57 
28 39 
26 43 
20 34 
1 20 
21 36 
76 77 
20 22 
76 85 
94 98 
16 53 
24 71 
1 32 
31 58 
82 84 
3 24 
0 57 
1 11 
26 47 
11 39 
21 47 
80 96 
29 51 
11 18 
88 95 
30 36 
11 68 
88 89 
10 54 
3 34 
13 32 
10 18 
10 71 
24 65 
27 51 
24 36 
7 42 
77 89 
11 20 
20 52 
24 70 
13 35 
14 52 
4 21 
82 88 
13 63 
15 33 
31 71 
22 64 
12 16 
17 27 
2 36 
25 29 
1 24 
12 41 
28 58 
81 88 
27 57 
8 58 
6 34 
6 18 
26 33 
81 92 
2 12 
22 42 
7 65 
23 55 
16 71 
22 70 
6 12 
17 31 
11 25 
22 26 
91 96 
18 31 
8 66 
29 51 
27 51 
9 66 
19 55 
5 38 
0 17 
2 10 
90 97 
0 78 
6 37 
1 35 
6 54 
31 39 
0 46 
12 59 
18 28 
0 60 
27 50 
0 38 
26 59 
2 27 
11 17 
1 59 
27 41 
10 60 
14 26 
78 88 
13 30 
13 42 
2 59 
9 47 
3 11 
13 53 
1 69 
4 70 
9 10 
78 86 
15 41 
89 98 
19 63 
28 71 
8 53 
16 75 
0 66 
25 54 
77 81 
3 70 
3 44 
87 99 
