1 2 
1 3 
2 3 
4 5 
4 6 
4 7 
5 6 
5 7 
6 7 
8 9 
8 10 
8 11 
9 10 
9 11 
10 11 
12 13 
12 14 
12 15 
13 14 
13 15 
14 15 
16 17 
16 18 
17 18 
19 20 
19 21 
19 22 
20 21 
20 22 
21 22 
23 24 
23 25 
23 26 
24 25 
24 26 
25 26 
27 28 
27 29 
27 30 
28 29 
28 30 
29 30 
31 32 
31 33 
31 34 
32 33 
32 34 
33 34 
35 36 
35 37 
35 38 
35 39 
35 40 
35 41 
35 42 
35 43 
35 44 
35 45 
35 46 
35 47 
35 48 
35 49 
35 50 
35 51 
35 52 
35 53 
35 54 
35 55 
35 56 
35 57 
35 58 
35 59 
35 60 
35 61 
35 62 
35 63 
35 64 
35 65 
35 66 
35 67 
35 68 
35 69 
35 70 
35 71 
35 72 
35 73 
35 74 
35 75 
35 76 
35 77 
35 78 
36 37 
36 38 
36 39 
36 40 
36 41 
36 42 
36 43 
36 44 
36 45 
36 46 
36 47 
36 48 
36 49 
36 50 
36 51 
36 52 
36 53 
36 54 
36 55 
36 56 
36 57 
36 58 
36 59 
36 60 
36 61 
36 62 
36 63 
36 64 
36 65 
36 66 
36 67 
36 68 
36 69 
36 70 
36 71 
36 72 
36 73 
36 74 
36 75 
36 76 
36 77 
36 78 
37 38 
37 39 
37 40 
37 41 
37 42 
37 43 
37 44 
37 45 
37 46 
37 47 
37 48 
37 49 
37 50 
37 51 
37 52 
37 53 
37 54 
37 55 
37 56 
37 57 
37 58 
37 59 
37 60 
37 61 
37 62 
37 63 
37 64 
37 65 
37 66 
37 67 
37 68 
37 69 
37 70 
37 71 
37 72 
37 73 
37 74 
37 75 
37 76 
37 77 
37 78 
38 39 
38 40 
38 41 
38 42 
38 43 
38 44 
38 45 
38 46 
38 47 
38 48 
38 49 
38 50 
38 51 
38 52 
38 53 
38 54 
38 55 
38 56 
38 57 
38 58 
38 59 
38 60 
38 61 
38 62 
38 63 
38 64 
38 65 
38 66 
38 67 
38 68 
38 69 
38 70 
38 71 
38 72 
38 73 
38 74 
38 75 
38 76 
38 77 
38 78 
39 40 
39 41 
39 42 
39 43 
39 44 
39 45 
39 46 
39 47 
39 48 
39 49 
39 50 
39 51 
39 52 
39 53 
39 54 
39 55 
39 56 
39 57 
39 58 
39 59 
39 60 
39 61 
39 62 
39 63 
39 64 
39 65 
39 66 
39 67 
39 68 
39 69 
39 70 
39 71 
39 72 
39 73 
39 74 
39 75 
39 76 
39 77 
39 78 
40 41 
40 42 
40 43 
40 44 
40 45 
40 46 
40 47 
40 48 
40 49 
40 50 
40 51 
40 52 
40 53 
40 54 
40 55 
40 56 
40 57 
40 58 
40 59 
40 60 
40 61 
40 62 
40 63 
40 64 
40 65 
40 66 
40 67 
40 68 
40 69 
40 70 
40 71 
40 72 
40 73 
40 74 
40 75 
40 76 
40 77 
40 78 
41 42 
41 43 
41 44 
41 45 
41 46 
41 47 
41 48 
41 49 
41 50 
41 51 
41 52 
41 53 
41 54 
41 55 
41 56 
41 57 
41 58 
41 59 
41 60 
41 61 
41 62 
41 63 
41 64 
41 65 
41 66 
41 67 
41 68 
41 69 
41 70 
41 71 
41 72 
41 73 
41 74 
41 75 
41 76 
41 77 
41 78 
42 43 
42 44 
42 45 
42 46 
42 47 
42 48 
42 49 
42 50 
42 51 
42 52 
42 53 
42 54 
42 55 
42 56 
42 57 
42 58 
42 59 
42 60 
42 61 
42 62 
42 63 
42 64 
42 65 
42 66 
42 67 
42 68 
42 69 
42 70 
42 71 
42 72 
42 73 
42 74 
42 75 
42 76 
42 77 
42 78 
43 44 
43 45 
43 46 
43 47 
43 48 
43 49 
43 50 
43 51 
43 52 
43 53 
43 54 
43 55 
43 56 
43 57 
43 58 
43 59 
43 60 
43 61 
43 62 
43 63 
43 64 
43 65 
43 66 
43 67 
43 68 
43 69 
43 70 
43 71 
43 72 
43 73 
43 74 
43 75 
43 76 
43 77 
43 78 
44 45 
44 46 
44 47 
44 48 
44 49 
44 50 
44 51 
44 52 
44 53 
44 54 
44 55 
44 56 
44 57 
44 58 
44 59 
44 60 
44 61 
44 62 
44 63 
44 64 
44 65 
44 66 
44 67 
44 68 
44 69 
44 70 
44 71 
44 72 
44 73 
44 74 
44 75 
44 76 
44 77 
44 78 
45 46 
45 47 
45 48 
45 49 
45 50 
45 51 
45 52 
45 53 
45 54 
45 55 
45 56 
45 57 
45 58 
45 59 
45 60 
45 61 
45 62 
45 63 
45 64 
45 65 
45 66 
45 67 
45 68 
45 69 
45 70 
45 71 
45 72 
45 73 
45 74 
45 75 
45 76 
45 77 
45 78 
46 47 
46 48 
46 49 
46 50 
46 51 
46 52 
46 53 
46 54 
46 55 
46 56 
46 57 
46 58 
46 59 
46 60 
46 61 
46 62 
46 63 
46 64 
46 65 
46 66 
46 67 
46 68 
46 69 
46 70 
46 71 
46 72 
46 73 
46 74 
46 75 
46 76 
46 77 
46 78 
47 48 
47 49 
47 50 
47 51 
47 52 
47 53 
47 54 
47 55 
47 56 
47 57 
47 58 
47 59 
47 60 
47 61 
47 62 
47 63 
47 64 
47 65 
47 66 
47 67 
47 68 
47 69 
47 70 
47 71 
47 72 
47 73 
47 74 
47 75 
47 76 
47 77 
47 78 
48 49 
48 50 
48 51 
48 52 
48 53 
48 54 
48 55 
48 56 
48 57 
48 58 
48 59 
48 60 
48 61 
48 62 
48 63 
48 64 
48 65 
48 66 
48 67 
48 68 
48 69 
48 70 
48 71 
48 72 
48 73 
48 74 
48 75 
48 76 
48 77 
48 78 
49 50 
49 51 
49 52 
49 53 
49 54 
49 55 
49 56 
49 57 
49 58 
49 59 
49 60 
49 61 
49 62 
49 63 
49 64 
49 65 
49 66 
49 67 
49 68 
49 69 
49 70 
49 71 
49 72 
49 73 
49 74 
49 75 
49 76 
49 77 
49 78 
50 51 
50 52 
50 53 
50 54 
50 55 
50 56 
50 57 
50 58 
50 59 
50 60 
50 61 
50 62 
50 63 
50 64 
50 65 
50 66 
50 67 
50 68 
50 69 
50 70 
50 71 
50 72 
50 73 
50 74 
50 75 
50 76 
50 77 
50 78 
51 52 
51 53 
51 54 
51 55 
51 56 
51 57 
51 58 
51 59 
51 60 
51 61 
51 62 
51 63 
51 64 
51 65 
51 66 
51 67 
51 68 
51 69 
51 70 
51 71 
51 72 
51 73 
51 74 
51 75 
51 76 
51 77 
51 78 
52 53 
52 54 
52 55 
52 56 
52 57 
52 58 
52 59 
52 60 
52 61 
52 62 
52 63 
52 64 
52 65 
52 66 
52 67 
52 68 
52 69 
52 70 
52 71 
52 72 
52 73 
52 74 
52 75 
52 76 
52 77 
52 78 
53 54 
53 55 
53 56 
53 57 
53 58 
53 59 
53 60 
53 61 
53 62 
53 63 
53 64 
53 65 
53 66 
53 67 
53 68 
53 69 
53 70 
53 71 
53 72 
53 73 
53 74 
53 75 
53 76 
53 77 
53 78 
54 55 
54 56 
54 57 
54 58 
54 59 
54 60 
54 61 
54 62 
54 63 
54 64 
54 65 
54 66 
54 67 
54 68 
54 69 
54 70 
54 71 
54 72 
54 73 
54 74 
54 75 
54 76 
54 77 
54 78 
55 56 
55 57 
55 58 
55 59 
55 60 
55 61 
55 62 
55 63 
55 64 
55 65 
55 66 
55 67 
55 68 
55 69 
55 70 
55 71 
55 72 
55 73 
55 74 
55 75 
55 76 
55 77 
55 78 
56 57 
56 58 
56 59 
56 60 
56 61 
56 62 
56 63 
56 64 
56 65 
56 66 
56 67 
56 68 
56 69 
56 70 
56 71 
56 72 
56 73 
56 74 
56 75 
56 76 
56 77 
56 78 
57 58 
57 59 
57 60 
57 61 
57 62 
57 63 
57 64 
57 65 
57 66 
57 67 
57 68 
57 69 
57 70 
57 71 
57 72 
57 73 
57 74 
57 75 
57 76 
57 77 
57 78 
58 59 
58 60 
58 61 
58 62 
58 63 
58 64 
58 65 
58 66 
58 67 
58 68 
58 69 
58 70 
58 71 
58 72 
58 73 
58 74 
58 75 
58 76 
58 77 
58 78 
59 60 
59 61 
59 62 
59 63 
59 64 
59 65 
59 66 
59 67 
59 68 
59 69 
59 70 
59 71 
59 72 
59 73 
59 74 
59 75 
59 76 
59 77 
59 78 
60 61 
60 62 
60 63 
60 64 
60 65 
60 66 
60 67 
60 68 
60 69 
60 70 
60 71 
60 72 
60 73 
60 74 
60 75 
60 76 
60 77 
60 78 
61 62 
61 63 
61 64 
61 65 
61 66 
61 67 
61 68 
61 69 
61 70 
61 71 
61 72 
61 73 
61 74 
61 75 
61 76 
61 77 
61 78 
62 63 
62 64 
62 65 
62 66 
62 67 
62 68 
62 69 
62 70 
62 71 
62 72 
62 73 
62 74 
62 75 
62 76 
62 77 
62 78 
63 64 
63 65 
63 66 
63 67 
63 68 
63 69 
63 70 
63 71 
63 72 
63 73 
63 74 
63 75 
63 76 
63 77 
63 78 
64 65 
64 66 
64 67 
64 68 
64 69 
64 70 
64 71 
64 72 
64 73 
64 74 
64 75 
64 76 
64 77 
64 78 
65 66 
65 67 
65 68 
65 69 
65 70 
65 71 
65 72 
65 73 
65 74 
65 75 
65 76 
65 77 
65 78 
66 67 
66 68 
66 69 
66 70 
66 71 
66 72 
66 73 
66 74 
66 75 
66 76 
66 77 
66 78 
67 68 
67 69 
67 70 
67 71 
67 72 
67 73 
67 74 
67 75 
67 76 
67 77 
67 78 
68 69 
68 70 
68 71 
68 72 
68 73 
68 74 
68 75 
68 76 
68 77 
68 78 
69 70 
69 71 
69 72 
69 73 
69 74 
69 75 
69 76 
69 77 
69 78 
70 71 
70 72 
70 73 
70 74 
70 75 
70 76 
70 77 
70 78 
71 72 
71 73 
71 74 
71 75 
71 76 
71 77 
71 78 
72 73 
72 74 
72 75 
72 76 
72 77 
72 78 
73 74 
73 75 
73 76 
73 77 
73 78 
74 75 
74 76 
74 77 
74 78 
75 76 
75 77 
75 78 
76 77 
76 78 
77 78 
8 66 
18 77 
15 78 
19 38 
3 9 
18 63 
29 47 
0 49 
2 64 
20 56 
91 99 
81 92 
31 56 
12 59 
18 68 
19 26 
26 31 
21 32 
8 20 
28 78 
31 72 
19 75 
1 7 
5 12 
24 49 
23 68 
28 50 
1 43 
21 52 
4 34 
13 71 
6 26 
0 77 
20 50 
16 68 
86 97 
14 77 
27 59 
30 62 
3 77 
5 68 
92 93 
23 56 
26 72 
87 90 
11 25 
81 96 
3 25 
13 22 
22 59 
1 74 
20 32 
3 62 
11 42 
23 36 
33 66 
22 24 
3 51 
11 63 
6 32 
15 44 
24 60 
22 32 
13 69 
18 77 
14 46 
6 50 
29 31 
5 50 
6 15 
31 37 
13 28 
7 37 
0 50 
90 99 
25 64 
23 43 
20 27 
18 61 
25 37 
20 33 
11 49 
0 45 
26 73 
1 48 
18 77 
14 54 
1 25 
5 32 
26 61 
94 95 
0 74 
5 75 
13 54 
9 37 
7 67 
84 89 
6 73 
6 41 
9 51 
3 12 
6 11 
82 99 
88 90 
19 62 
33 40 
16 42 
25 62 
1 56 
21 25 
7 31 
29 36 
19 74 
15 20 
84 86 
19 69 
1 34 
2 57 
34 43 
7 9 
13 18 
30 32 
10 73 
32 41 
23 27 
22 26 
16 61 
11 53 
3 12 
17 29 
18 72 
24 32 
12 19 
2 33 
28 71 
11 19 
19 58 
19 52 
19 47 
17 23 
22 62 
4 38 
79 93 
22 38 
4 28 
8 25 
11 50 
30 37 
9 50 
6 53 
12 18 
26 60 
88 89 
3 39 
5 68 
11 59 
95 97 
16 32 
3 55 
0 24 
2 64 
29 45 
5 50 
26 32 
28 33 
10 56 
15 16 
27 32 
3 15 
24 61 
32 70 
3 42 
24 36 
24 44 
84 88 
29 48 
88 95 
1 53 
22 75 
32 66 
17 70 
22 63 
14 61 
31 73 
26 54 
22 56 
97 98 
27 74 
15 64 
15 56 
0 6 
34 69 
27 68 
1 12 
7 62 
33 59 
10 60 
87 89 
12 34 
28 69 
1 24 
18 72 
4 68 
31 60 
23 42 
11 69 
25 71 
2 59 
4 73 
8 20 
8 22 
27 49 
28 55 
20 43 
26 42 
22 43 
1 26 
12 40 
29 69 
0 36 
6 37 
12 21 
1 28 
5 19 
28 56 
11 14 
0 63 
22 54 
31 69 
80 85 
24 77 
34 70 
12 23 
33 72 
34 35 
88 94 
1 45 
96 97 
5 58 
10 66 
97 98 
23 49 
30 37 
8 68 
34 35 
11 43 
15 16 
9 33 
19 28 
6 17 
0 24 
28 67 
10 23 
4 53 
5 8 
8 33 
20 34 
15 46 
21 71 
21 53 
33 60 
18 48 
20 76 
29 77 
14 28 
81 92 
3 25 
7 60 
26 30 
29 42 
17 68 
31 55 
2 61 
11 49 
7 12 
0 62 
26 78 
0 95 
20 75 
21 29 
11 59 
1 46 
3 22 
4 48 
25 51 
34 54 
31 53 
12 47 
3 72 
6 44 
15 49 
2 51 
34 73 
1 50 
9 33 
31 36 
98 99 
15 53 
27 53 
23 69 
6 17 
14 28 
8 64 
33 68 
19 25 
16 41 
19 42 
1 9 
30 34 
10 46 
2 76 
21 74 
20 30 
33 66 
19 70 
81 94 
1 43 
95 99 
80 90 
17 21 
7 23 
34 62 
26 37 
9 34 
29 52 
1 44 
14 27 
3 57 
28 39 
19 61 
34 57 
82 92 
2 37 
14 42 
1 67 
91 99 
10 71 
16 43 
10 38 
16 76 
25 50 
23 33 
12 31 
22 42 
29 67 
16 29 
3 70 
8 19 
8 38 
32 55 
22 75 
21 58 
31 44 
34 42 
13 39 
94 99 
1 74 
15 68 
13 55 
21 68 
14 21 
1 35 
84 95 
4 53 
13 57 
20 54 
19 71 
23 33 
89 95 
83 86 
8 62 
1 30 
81 95 
91 95 
17 64 
15 38 
17 54 
29 69 
27 48 
28 45 
4 16 
28 76 
93 98 
28 43 
19 41 
17 32 
28 49 
18 29 
4 58 
79 82 
30 53 
9 31 
10 22 
3 64 
15 75 
17 29 
28 73 
17 56 
2 70 
94 95 
11 64 
9 50 
0 67 
14 45 
18 57 
11 68 
19 70 
8 69 
13 17 
13 48 
29 39 
15 33 
0 81 
9 57 
17 37 
6 37 
27 58 
16 45 
9 50 
23 77 
34 44 
81 91 
3 40 
10 40 
96 99 
92 98 
20 73 
30 41 
5 31 
0 7 
6 59 
17 29 
14 68 
10 65 
24 53 
31 40 
33 37 
19 30 
14 48 
9 50 
16 44 
26 31 
26 46 
28 66 
12 77 
80 97 
18 23 
27 47 
18 39 
20 67 
32 61 
22 24 
0 94 
89 99 
5 48 
4 17 
23 27 
83 87 
26 27 
6 34 
9 71 
25 51 
1 19 
16 24 
28 56 
34 73 
17 37 
12 65 
80 89 
3 60 
6 14 
13 33 
3 24 
23 28 
1 53 
28 58 
93 94 
31 42 
89 90 
15 65 
93 95 
11 49 
10 22 
10 54 
1 51 
31 61 
2 11 
17 53 
8 21 
9 44 
33 41 
26 47 
10 51 
91 93 
11 31 
34 63 
1 8 
3 10 
3 45 
9 25 
4 35 
30 38 
25 78 
14 67 
7 43 
14 25 
4 51 
0 48 
85 87 
23 41 
26 67 
32 50 
6 54 
9 45 
1 44 
82 84 
84 92 
82 87 
25 74 
83 85 
27 75 
30 42 
12 72 
2 77 
13 47 
0 17 
16 41 
82 87 
82 83 
22 36 
0 22 
26 52 
79 82 
9 64 
32 65 
34 53 
94 97 
17 78 
8 29 
19 71 
18 70 
0 33 
1 45 
5 19 
28 63 
21 48 
7 44 
15 51 
32 49 
15 59 
34 51 
2 8 
5 67 
22 57 
13 63 
1 21 
4 60 
21 44 
33 64 
6 59 
20 73 
19 56 
19 41 
16 20 
34 37 
30 78 
1 62 
12 27 
21 69 
25 73 
13 34 
84 95 
1 34 
20 63 
18 37 
10 52 
26 44 
31 72 
3 55 
18 66 
18 24 
12 44 
91 96 
31 52 
26 55 
93 96 
12 56 
27 39 
0 89 
21 41 
10 38 
2 61 
14 22 
7 8 
1 52 
18 50 
26 40 
3 78 
14 47 
13 23 
34 56 
20 43 
2 23 
29 51 
15 64 
17 75 
13 27 
12 47 
30 69 
8 66 
2 49 
20 77 
29 59 
33 39 
29 68 
10 19 
21 74 
22 69 
10 35 
11 14 
32 72 
3 16 
4 14 
28 70 
0 61 
5 36 
29 32 
3 60 
14 21 
17 39 
19 73 
34 45 
28 60 
28 67 
14 59 
8 15 
19 28 
13 34 
19 37 
8 32 
17 35 
22 33 
88 95 
34 54 
2 21 
26 68 
2 35 
16 27 
13 55 
28 58 
86 92 
85 94 
1 43 
26 38 
0 8 
3 42 
32 60 
34 41 
14 37 
24 44 
16 63 
21 57 
2 27 
84 90 
23 63 
16 48 
4 50 
87 89 
5 31 
27 64 
16 24 
22 35 
19 77 
28 40 
21 67 
17 63 
30 55 
15 44 
0 55 
26 37 
29 33 
26 49 
7 23 
21 78 
1 56 
11 30 
14 33 
14 39 
11 76 
3 33 
26 42 
15 53 
88 96 
32 56 
18 25 
0 35 
85 94 
33 42 
10 50 
3 16 
0 18 
32 74 
26 69 
20 45 
11 37 
19 46 
10 46 
12 64 
90 96 
2 55 
2 12 
22 35 
7 17 
25 34 
7 32 
26 75 
22 32 
6 45 
17 49 
14 65 
32 51 
1 76 
30 40 
16 78 
14 68 
7 75 
32 49 
27 36 
26 55 
25 53 
20 24 
3 32 
1 16 
79 81 
34 64 
25 37 
12 72 
11 47 
13 72 
19 53 
3 67 
30 66 
4 61 
18 49 
6 25 
9 65 
18 42 
11 22 
20 27 
17 63 
25 74 
30 32 
33 41 
79 86 
17 43 
10 34 
8 66 
19 46 
15 25 
0 20 
26 45 
28 60 
5 62 
81 82 
16 19 
16 22 
33 65 
32 64 
21 24 
1 34 
17 61 
14 49 
10 50 
4 35 
34 40 
86 95 
7 17 
25 67 
84 96 
13 31 
32 41 
7 37 
22 38 
8 62 
9 13 
21 33 
10 39 
9 72 
33 41 
10 77 
7 43 
23 27 
2 51 
79 80 
4 70 
84 94 
2 34 
5 71 
6 32 
83 90 
4 25 
8 70 
5 22 
9 41 
12 34 
17 43 
19 25 
7 45 
26 38 
32 60 
1 53 
9 48 
2 66 
14 65 
17 50 
1 50 
83 92 
4 69 
20 65 
19 64 
23 50 
30 46 
34 59 
6 32 
6 10 
7 29 
12 46 
21 34 
31 37 
79 82 
14 21 
4 76 
5 13 
80 90 
0 50 
9 28 
13 63 
9 41 
80 84 
23 60 
27 31 
7 76 
14 63 
28 73 
30 69 
12 32 
19 53 
13 42 
31 35 
91 97 
21 32 
27 59 
13 66 
18 77 
14 52 
27 77 
5 72 
85 99 
14 54 
21 75 
25 60 
22 44 
89 90 
9 33 
80 95 
0 41 
93 97 
33 36 
2 53 
23 64 
24 37 
80 97 
91 99 
26 49 
91 92 
9 28 
87 97 
12 41 
22 28 
3 78 
11 40 
2 20 
1 72 
27 43 
80 96 
0 65 
33 35 
79 86 
26 62 
6 58 
93 98 
18 38 
21 53 
5 67 
31 39 
29 37 
0 41 
27 73 
19 45 
29 31 
1 75 
22 24 
1 40 
15 74 
20 36 
88 91 
3 27 
10 23 
19 48 
10 31 
85 95 
12 43 
1 75 
88 89 
5 53 
1 60 
27 33 
4 65 
0 56 
10 44 
14 20 
26 41 
10 65 
9 43 
6 28 
25 54 
18 75 
29 73 
4 10 
16 74 
18 52 
18 58 
25 44 
15 57 
6 68 
34 53 
2 72 
31 66 
19 68 
20 46 
25 33 
8 19 
5 20 
6 64 
1 23 
18 73 
9 31 
2 53 
10 48 
16 38 
27 40 
9 50 
33 72 
85 93 
11 27 
21 53 
33 72 
30 34 
20 43 
24 49 
7 35 
87 94 
3 50 
23 78 
3 14 
26 66 
4 13 
32 54 
25 61 
27 41 
13 46 
7 10 
9 26 
3 15 
19 53 
88 93 
2 13 
79 80 
3 18 
17 70 
3 68 
11 67 
14 75 
25 31 
0 61 
11 20 
27 32 
82 91 
0 50 
14 58 
19 58 
91 95 
2 63 
33 53 
30 31 
8 37 
34 70 
28 69 
22 72 
5 18 
20 67 
26 64 
13 19 
21 56 
0 32 
20 46 
28 41 
7 72 
15 51 
27 39 
10 70 
25 69 
24 69 
5 13 
12 63 
7 36 
15 71 
11 60 
23 61 
8 78 
16 78 
22 24 
22 39 
25 33 
80 90 
17 59 
18 57 
27 72 
32 50 
11 46 
82 87 
89 96 
4 58 
7 71 
1 67 
28 42 
3 36 
6 45 
89 92 
18 39 
96 98 
17 40 
16 61 
30 58 
13 69 
20 75 
1 76 
10 12 
17 69 
1 60 
29 49 
2 56 
20 68 
0 74 
24 36 
17 78 
22 35 
17 55 
21 50 
34 64 
4 69 
18 47 
9 61 
19 25 
81 98 
14 35 
22 67 
29 70 
12 50 
0 17 
30 44 
89 99 
23 50 
21 40 
31 63 
13 38 
12 36 
3 46 
29 45 
90 99 
1 20 
32 39 
5 28 
2 13 
0 47 
16 51 
23 59 
0 87 
6 58 
10 26 
34 40 
19 38 
79 88 
2 63 
26 63 
32 36 
5 69 
11 43 
11 39 
7 46 
32 48 
14 54 
7 25 
0 7 
97 98 
30 72 
21 23 
34 56 
0 22 
4 78 
9 35 
4 45 
33 57 
3 72 
16 63 
85 90 
19 52 
14 65 
82 86 
81 82 
29 68 
26 63 
16 19 
17 26 
21 77 
3 8 
22 32 
11 77 
26 74 
0 66 
3 58 
21 39 
15 30 
16 21 
9 23 
10 63 
18 32 
0 89 
9 16 
90 92 
13 49 
31 73 
3 68 
21 54 
29 51 
15 49 
24 67 
31 72 
17 54 
32 77 
0 85 
87 93 
9 69 
14 28 
15 25 
91 96 
16 62 
87 94 
5 31 
