1 2 
1 3 
1 4 
1 5 
1 6 
1 7 
1 8 
1 9 
1 10 
1 11 
1 12 
1 13 
1 14 
1 15 
1 16 
1 17 
1 18 
1 19 
1 20 
1 21 
1 22 
1 23 
1 24 
1 25 
1 26 
1 27 
1 28 
1 29 
1 30 
1 31 
1 32 
1 33 
1 34 
1 35 
1 36 
1 37 
1 38 
1 39 
1 40 
1 41 
1 42 
1 43 
1 44 
2 3 
2 4 
2 5 
2 6 
2 7 
2 8 
2 9 
2 10 
2 11 
2 12 
2 13 
2 14 
2 15 
2 16 
2 17 
2 18 
2 19 
2 20 
2 21 
2 22 
2 23 
2 24 
2 25 
2 26 
2 27 
2 28 
2 29 
2 30 
2 31 
2 32 
2 33 
2 34 
2 35 
2 36 
2 37 
2 38 
2 39 
2 40 
2 41 
2 42 
2 43 
2 44 
3 4 
3 5 
3 6 
3 7 
3 8 
3 9 
3 10 
3 11 
3 12 
3 13 
3 14 
3 15 
3 16 
3 17 
3 18 
3 19 
3 20 
3 21 
3 22 
3 23 
3 24 
3 25 
3 26 
3 27 
3 28 
3 29 
3 30 
3 31 
3 32 
3 33 
3 34 
3 35 
3 36 
3 37 
3 38 
3 39 
3 40 
3 41 
3 42 
3 43 
3 44 
4 5 
4 6 
4 7 
4 8 
4 9 
4 10 
4 11 
4 12 
4 13 
4 14 
4 15 
4 16 
4 17 
4 18 
4 19 
4 20 
4 21 
4 22 
4 23 
4 24 
4 25 
4 26 
4 27 
4 28 
4 29 
4 30 
4 31 
4 32 
4 33 
4 34 
4 35 
4 36 
4 37 
4 38 
4 39 
4 40 
4 41 
4 42 
4 43 
4 44 
5 6 
5 7 
5 8 
5 9 
5 10 
5 11 
5 12 
5 13 
5 14 
5 15 
5 16 
5 17 
5 18 
5 19 
5 20 
5 21 
5 22 
5 23 
5 24 
5 25 
5 26 
5 27 
5 28 
5 29 
5 30 
5 31 
5 32 
5 33 
5 34 
5 35 
5 36 
5 37 
5 38 
5 39 
5 40 
5 41 
5 42 
5 43 
5 44 
6 7 
6 8 
6 9 
6 10 
6 11 
6 12 
6 13 
6 14 
6 15 
6 16 
6 17 
6 18 
6 19 
6 20 
6 21 
6 22 
6 23 
6 24 
6 25 
6 26 
6 27 
6 28 
6 29 
6 30 
6 31 
6 32 
6 33 
6 34 
6 35 
6 36 
6 37 
6 38 
6 39 
6 40 
6 41 
6 42 
6 43 
6 44 
7 8 
7 9 
7 10 
7 11 
7 12 
7 13 
7 14 
7 15 
7 16 
7 17 
7 18 
7 19 
7 20 
7 21 
7 22 
7 23 
7 24 
7 25 
7 26 
7 27 
7 28 
7 29 
7 30 
7 31 
7 32 
7 33 
7 34 
7 35 
7 36 
7 37 
7 38 
7 39 
7 40 
7 41 
7 42 
7 43 
7 44 
8 9 
8 10 
8 11 
8 12 
8 13 
8 14 
8 15 
8 16 
8 17 
8 18 
8 19 
8 20 
8 21 
8 22 
8 23 
8 24 
8 25 
8 26 
8 27 
8 28 
8 29 
8 30 
8 31 
8 32 
8 33 
8 34 
8 35 
8 36 
8 37 
8 38 
8 39 
8 40 
8 41 
8 42 
8 43 
8 44 
9 10 
9 11 
9 12 
9 13 
9 14 
9 15 
9 16 
9 17 
9 18 
9 19 
9 20 
9 21 
9 22 
9 23 
9 24 
9 25 
9 26 
9 27 
9 28 
9 29 
9 30 
9 31 
9 32 
9 33 
9 34 
9 35 
9 36 
9 37 
9 38 
9 39 
9 40 
9 41 
9 42 
9 43 
9 44 
10 11 
10 12 
10 13 
10 14 
10 15 
10 16 
10 17 
10 18 
10 19 
10 20 
10 21 
10 22 
10 23 
10 24 
10 25 
10 26 
10 27 
10 28 
10 29 
10 30 
10 31 
10 32 
10 33 
10 34 
10 35 
10 36 
10 37 
10 38 
10 39 
10 40 
10 41 
10 42 
10 43 
10 44 
11 12 
11 13 
11 14 
11 15 
11 16 
11 17 
11 18 
11 19 
11 20 
11 21 
11 22 
11 23 
11 24 
11 25 
11 26 
11 27 
11 28 
11 29 
11 30 
11 31 
11 32 
11 33 
11 34 
11 35 
11 36 
11 37 
11 38 
11 39 
11 40 
11 41 
11 42 
11 43 
11 44 
12 13 
12 14 
12 15 
12 16 
12 17 
12 18 
12 19 
12 20 
12 21 
12 22 
12 23 
12 24 
12 25 
12 26 
12 27 
12 28 
12 29 
12 30 
12 31 
12 32 
12 33 
12 34 
12 35 
12 36 
12 37 
12 38 
12 39 
12 40 
12 41 
12 42 
12 43 
12 44 
13 14 
13 15 
13 16 
13 17 
13 18 
13 19 
13 20 
13 21 
13 22 
13 23 
13 24 
13 25 
13 26 
13 27 
13 28 
13 29 
13 30 
13 31 
13 32 
13 33 
13 34 
13 35 
13 36 
13 37 
13 38 
13 39 
13 40 
13 41 
13 42 
13 43 
13 44 
14 15 
14 16 
14 17 
14 18 
14 19 
14 20 
14 21 
14 22 
14 23 
14 24 
14 25 
14 26 
14 27 
14 28 
14 29 
14 30 
14 31 
14 32 
14 33 
14 34 
14 35 
14 36 
14 37 
14 38 
14 39 
14 40 
14 41 
14 42 
14 43 
14 44 
15 16 
15 17 
15 18 
15 19 
15 20 
15 21 
15 22 
15 23 
15 24 
15 25 
15 26 
15 27 
15 28 
15 29 
15 30 
15 31 
15 32 
15 33 
15 34 
15 35 
15 36 
15 37 
15 38 
15 39 
15 40 
15 41 
15 42 
15 43 
15 44 
16 17 
16 18 
16 19 
16 20 
16 21 
16 22 
16 23 
16 24 
16 25 
16 26 
16 27 
16 28 
16 29 
16 30 
16 31 
16 32 
16 33 
16 34 
16 35 
16 36 
16 37 
16 38 
16 39 
16 40 
16 41 
16 42 
16 43 
16 44 
17 18 
17 19 
17 20 
17 21 
17 22 
17 23 
17 24 
17 25 
17 26 
17 27 
17 28 
17 29 
17 30 
17 31 
17 32 
17 33 
17 34 
17 35 
17 36 
17 37 
17 38 
17 39 
17 40 
17 41 
17 42 
17 43 
17 44 
18 19 
18 20 
18 21 
18 22 
18 23 
18 24 
18 25 
18 26 
18 27 
18 28 
18 29 
18 30 
18 31 
18 32 
18 33 
18 34 
18 35 
18 36 
18 37 
18 38 
18 39 
18 40 
18 41 
18 42 
18 43 
18 44 
19 20 
19 21 
19 22 
19 23 
19 24 
19 25 
19 26 
19 27 
19 28 
19 29 
19 30 
19 31 
19 32 
19 33 
19 34 
19 35 
19 36 
19 37 
19 38 
19 39 
19 40 
19 41 
19 42 
19 43 
19 44 
20 21 
20 22 
20 23 
20 24 
20 25 
20 26 
20 27 
20 28 
20 29 
20 30 
20 31 
20 32 
20 33 
20 34 
20 35 
20 36 
20 37 
20 38 
20 39 
20 40 
20 41 
20 42 
20 43 
20 44 
21 22 
21 23 
21 24 
21 25 
21 26 
21 27 
21 28 
21 29 
21 30 
21 31 
21 32 
21 33 
21 34 
21 35 
21 36 
21 37 
21 38 
21 39 
21 40 
21 41 
21 42 
21 43 
21 44 
22 23 
22 24 
22 25 
22 26 
22 27 
22 28 
22 29 
22 30 
22 31 
22 32 
22 33 
22 34 
22 35 
22 36 
22 37 
22 38 
22 39 
22 40 
22 41 
22 42 
22 43 
22 44 
23 24 
23 25 
23 26 
23 27 
23 28 
23 29 
23 30 
23 31 
23 32 
23 33 
23 34 
23 35 
23 36 
23 37 
23 38 
23 39 
23 40 
23 41 
23 42 
23 43 
23 44 
24 25 
24 26 
24 27 
24 28 
24 29 
24 30 
24 31 
24 32 
24 33 
24 34 
24 35 
24 36 
24 37 
24 38 
24 39 
24 40 
24 41 
24 42 
24 43 
24 44 
25 26 
25 27 
25 28 
25 29 
25 30 
25 31 
25 32 
25 33 
25 34 
25 35 
25 36 
25 37 
25 38 
25 39 
25 40 
25 41 
25 42 
25 43 
25 44 
26 27 
26 28 
26 29 
26 30 
26 31 
26 32 
26 33 
26 34 
26 35 
26 36 
26 37 
26 38 
26 39 
26 40 
26 41 
26 42 
26 43 
26 44 
27 28 
27 29 
27 30 
27 31 
27 32 
27 33 
27 34 
27 35 
27 36 
27 37 
27 38 
27 39 
27 40 
27 41 
27 42 
27 43 
27 44 
28 29 
28 30 
28 31 
28 32 
28 33 
28 34 
28 35 
28 36 
28 37 
28 38 
28 39 
28 40 
28 41 
28 42 
28 43 
28 44 
29 30 
29 31 
29 32 
29 33 
29 34 
29 35 
29 36 
29 37 
29 38 
29 39 
29 40 
29 41 
29 42 
29 43 
29 44 
30 31 
30 32 
30 33 
30 34 
30 35 
30 36 
30 37 
30 38 
30 39 
30 40 
30 41 
30 42 
30 43 
30 44 
31 32 
31 33 
31 34 
31 35 
31 36 
31 37 
31 38 
31 39 
31 40 
31 41 
31 42 
31 43 
31 44 
32 33 
32 34 
32 35 
32 36 
32 37 
32 38 
32 39 
32 40 
32 41 
32 42 
32 43 
32 44 
33 34 
33 35 
33 36 
33 37 
33 38 
33 39 
33 40 
33 41 
33 42 
33 43 
33 44 
34 35 
34 36 
34 37 
34 38 
34 39 
34 40 
34 41 
34 42 
34 43 
34 44 
35 36 
35 37 
35 38 
35 39 
35 40 
35 41 
35 42 
35 43 
35 44 
36 37 
36 38 
36 39 
36 40 
36 41 
36 42 
36 43 
36 44 
37 38 
37 39 
37 40 
37 41 
37 42 
37 43 
37 44 
38 39 
38 40 
38 41 
38 42 
38 43 
38 44 
39 40 
39 41 
39 42 
39 43 
39 44 
40 41 
40 42 
40 43 
40 44 
41 42 
41 43 
41 44 
42 43 
42 44 
43 44 
80 86 
51 87 
0 61 
72 98 
50 51 
49 90 
56 89 
59 84 
64 76 
92 97 
0 64 
48 72 
68 86 
62 92 
55 80 
47 94 
53 56 
0 1 
48 68 
67 77 
53 89 
79 83 
53 70 
92 94 
74 98 
51 84 
53 59 
61 67 
62 90 
51 58 
51 75 
61 65 
55 64 
56 63 
73 76 
45 57 
57 92 
72 79 
56 77 
74 98 
55 94 
56 91 
47 85 
60 89 
47 82 
52 93 
63 77 
49 58 
54 99 
55 60 
78 94 
78 81 
72 74 
58 69 
50 51 
0 42 
58 86 
73 88 
85 88 
65 78 
0 87 
68 86 
55 69 
57 75 
50 59 
0 55 
60 78 
69 87 
70 76 
81 98 
66 77 
78 95 
50 58 
0 97 
61 69 
49 83 
68 87 
72 80 
60 66 
45 64 
81 88 
55 61 
57 60 
67 89 
79 88 
67 76 
47 51 
59 92 
0 67 
46 83 
46 62 
66 70 
55 92 
60 84 
71 98 
0 68 
45 52 
51 85 
50 78 
70 73 
45 59 
52 63 
90 97 
60 66 
64 99 
84 93 
52 96 
68 79 
61 64 
51 55 
47 80 
59 84 
55 81 
58 72 
85 97 
0 86 
46 74 
75 99 
94 95 
72 94 
68 96 
50 95 
74 77 
70 80 
56 83 
45 96 
48 81 
54 56 
57 61 
48 53 
0 48 
55 83 
54 89 
50 63 
60 88 
75 77 
63 78 
53 98 
46 89 
80 93 
61 64 
45 97 
46 49 
62 90 
45 51 
52 74 
76 99 
59 83 
0 47 
66 88 
47 95 
70 95 
53 82 
50 85 
94 97 
45 78 
47 52 
51 77 
79 88 
64 82 
46 92 
61 98 
98 99 
71 89 
64 98 
49 98 
60 76 
89 96 
70 96 
70 74 
50 57 
0 53 
79 82 
73 75 
48 63 
58 63 
61 98 
69 78 
53 60 
75 93 
71 72 
58 68 
92 97 
63 95 
54 98 
85 89 
77 86 
48 64 
45 91 
54 86 
49 64 
0 73 
45 57 
67 85 
59 67 
56 60 
57 96 
49 51 
85 88 
59 84 
61 68 
45 70 
50 86 
76 83 
46 47 
0 40 
67 73 
0 80 
65 98 
64 84 
62 71 
67 68 
48 93 
0 86 
63 68 
63 94 
61 81 
46 83 
54 59 
71 76 
47 63 
55 72 
73 92 
67 78 
45 68 
47 82 
56 78 
89 98 
49 76 
68 76 
46 75 
79 85 
71 85 
87 98 
59 97 
56 77 
69 74 
73 81 
65 93 
50 78 
73 82 
48 86 
53 87 
81 88 
0 50 
79 85 
84 97 
53 90 
69 82 
59 67 
52 95 
56 77 
69 88 
51 64 
55 83 
48 87 
74 91 
67 89 
55 94 
0 55 
49 67 
63 64 
69 78 
71 95 
48 79 
56 81 
74 97 
66 86 
63 70 
55 75 
65 72 
68 69 
77 93 
48 59 
60 85 
50 61 
56 89 
55 94 
0 66 
65 72 
73 78 
47 63 
55 92 
46 79 
62 96 
88 97 
0 55 
0 57 
72 96 
58 62 
66 77 
61 92 
65 92 
47 79 
62 89 
87 95 
53 96 
62 76 
0 33 
46 74 
59 71 
49 82 
45 92 
56 93 
69 83 
60 82 
71 93 
45 60 
63 86 
85 94 
76 89 
48 52 
71 94 
0 58 
62 87 
68 91 
77 96 
87 99 
0 14 
48 67 
71 84 
54 74 
77 78 
59 61 
77 96 
82 96 
49 96 
56 98 
49 81 
52 90 
67 69 
54 79 
45 64 
54 67 
0 88 
54 91 
90 94 
51 72 
51 73 
83 93 
64 96 
61 99 
0 73 
61 81 
54 96 
49 56 
55 68 
68 78 
70 77 
87 98 
57 80 
62 99 
75 81 
50 58 
62 72 
82 98 
46 62 
68 95 
57 89 
45 46 
0 90 
53 73 
65 82 
75 98 
64 75 
69 72 
78 91 
59 81 
46 63 
57 59 
90 95 
72 90 
45 83 
67 73 
47 53 
82 83 
87 97 
45 54 
73 96 
51 88 
72 73 
0 1 
65 73 
79 81 
59 81 
76 94 
79 81 
53 56 
47 63 
53 94 
48 54 
48 93 
80 83 
83 86 
0 69 
0 76 
45 65 
74 93 
46 96 
69 75 
45 77 
68 83 
62 65 
70 74 
47 59 
72 79 
0 65 
61 80 
52 87 
54 76 
70 79 
88 97 
71 98 
79 93 
52 62 
61 90 
48 56 
0 41 
54 61 
55 74 
61 64 
83 85 
52 80 
53 80 
64 89 
52 73 
48 56 
63 67 
53 69 
63 76 
0 32 
73 86 
80 92 
62 78 
87 92 
0 36 
56 64 
64 65 
54 73 
76 84 
79 92 
0 14 
0 11 
48 81 
58 62 
46 75 
45 48 
58 60 
68 78 
58 87 
53 87 
50 89 
51 81 
68 84 
72 91 
71 96 
87 96 
50 58 
46 85 
64 95 
55 72 
87 91 
53 55 
51 79 
64 98 
65 67 
66 72 
51 75 
59 72 
61 99 
46 54 
83 98 
64 86 
65 98 
83 86 
57 72 
0 36 
53 87 
69 79 
84 94 
76 93 
88 90 
55 65 
84 91 
47 66 
56 81 
69 96 
72 84 
59 85 
47 53 
47 67 
55 67 
64 75 
59 84 
53 87 
68 98 
77 90 
0 9 
56 67 
50 56 
71 78 
70 81 
0 63 
80 93 
0 74 
85 95 
89 92 
49 90 
64 78 
79 84 
59 73 
50 67 
64 87 
46 89 
89 90 
61 84 
70 75 
63 87 
70 95 
72 95 
52 81 
51 94 
51 75 
51 72 
55 94 
90 96 
71 87 
51 68 
69 78 
51 93 
63 69 
71 84 
57 84 
0 41 
69 76 
75 78 
65 78 
78 81 
57 60 
79 85 
45 63 
49 51 
55 65 
74 83 
63 70 
61 72 
74 91 
0 16 
0 91 
54 82 
49 75 
57 67 
53 63 
78 80 
51 68 
50 69 
62 96 
0 60 
66 76 
54 61 
48 61 
52 87 
67 89 
69 75 
58 97 
65 76 
82 88 
50 79 
0 5 
46 91 
46 50 
57 60 
55 58 
54 88 
78 99 
68 81 
55 98 
55 93 
0 84 
66 94 
59 74 
67 98 
87 94 
54 88 
0 97 
52 89 
59 89 
0 17 
55 89 
49 75 
74 89 
95 99 
55 58 
59 86 
78 98 
49 83 
65 81 
45 92 
0 55 
61 69 
71 95 
58 84 
46 49 
69 81 
57 98 
46 66 
66 84 
70 92 
58 78 
47 75 
49 95 
74 95 
61 84 
49 58 
71 99 
68 88 
53 61 
59 65 
67 73 
61 94 
55 63 
51 56 
63 96 
47 92 
65 70 
46 64 
66 97 
0 13 
53 74 
0 19 
60 73 
52 64 
47 49 
56 99 
49 94 
57 68 
57 94 
47 96 
93 97 
84 85 
0 33 
46 55 
86 91 
72 73 
71 86 
48 58 
78 79 
73 83 
0 49 
53 99 
52 91 
67 90 
53 57 
52 89 
63 81 
60 99 
45 94 
65 78 
82 89 
85 98 
65 74 
51 76 
81 92 
56 88 
72 88 
47 82 
50 85 
69 91 
60 68 
47 76 
73 93 
66 78 
49 83 
75 88 
56 97 
51 74 
0 37 
68 99 
66 91 
57 59 
52 80 
64 88 
58 99 
67 98 
76 84 
67 68 
46 98 
57 86 
50 57 
75 80 
50 73 
46 80 
75 81 
60 93 
45 50 
75 82 
57 97 
65 69 
71 82 
65 68 
68 78 
0 86 
74 75 
54 78 
77 79 
69 74 
76 77 
47 85 
45 86 
0 52 
83 89 
90 93 
0 6 
61 77 
46 85 
53 89 
68 72 
46 89 
0 52 
47 58 
50 94 
45 62 
80 97 
61 90 
59 84 
64 70 
45 74 
48 61 
0 38 
67 98 
46 71 
49 93 
85 91 
96 98 
59 99 
47 59 
62 97 
84 91 
77 94 
69 86 
48 52 
47 92 
0 35 
54 97 
71 94 
77 86 
0 84 
46 49 
77 98 
69 92 
58 79 
53 67 
0 93 
68 71 
70 76 
50 68 
66 95 
97 99 
53 69 
78 81 
48 88 
49 65 
60 95 
61 62 
54 94 
83 99 
67 97 
45 63 
97 98 
50 51 
0 76 
77 89 
50 86 
57 73 
60 71 
72 98 
70 89 
55 60 
66 76 
45 93 
81 83 
0 38 
56 72 
54 96 
74 80 
87 96 
64 99 
62 86 
47 73 
47 98 
63 65 
0 17 
59 61 
66 98 
79 94 
53 81 
52 88 
71 91 
59 97 
75 76 
58 75 
68 99 
56 81 
58 82 
48 92 
0 39 
53 80 
63 86 
49 95 
74 95 
55 93 
0 15 
73 78 
54 73 
46 49 
60 76 
68 97 
0 16 
45 77 
53 55 
51 59 
54 65 
55 59 
46 87 
61 92 
72 97 
69 92 
62 84 
45 78 
77 93 
49 93 
62 65 
60 98 
54 91 
80 86 
66 78 
61 73 
70 99 
59 77 
52 86 
59 65 
86 99 
45 97 
70 96 
49 97 
53 88 
67 91 
76 77 
71 87 
53 77 
60 91 
55 57 
46 95 
52 64 
79 89 
54 58 
69 90 
86 89 
56 84 
56 59 
66 76 
46 60 
64 81 
75 99 
77 91 
52 56 
65 79 
85 89 
74 91 
70 97 
62 65 
50 69 
45 98 
46 76 
51 52 
51 92 
52 82 
68 93 
51 96 
71 87 
55 71 
62 70 
47 77 
74 93 
59 73 
69 95 
65 95 
49 55 
56 87 
47 58 
65 87 
68 89 
73 74 
72 91 
64 96 
47 78 
77 93 
52 81 
50 72 
0 71 
52 79 
75 76 
57 68 
0 34 
57 62 
53 81 
73 89 
60 70 
49 79 
45 58 
77 81 
77 82 
49 94 
71 86 
49 71 
45 87 
79 95 
0 36 
63 80 
94 99 
46 61 
58 71 
67 91 
45 62 
55 66 
54 57 
66 79 
70 72 
70 79 
63 65 
0 75 
0 95 
51 70 
68 99 
57 77 
79 86 
47 62 
60 95 
49 99 
0 89 
47 58 
61 93 
48 93 
56 89 
76 81 
93 99 
80 98 
55 65 
59 84 
95 96 
74 96 
56 68 
53 95 
66 87 
74 92 
92 94 
70 94 
56 88 
80 94 
72 97 
71 80 
81 91 
49 70 
55 70 
47 68 
54 64 
50 61 
55 66 
70 99 
51 54 
58 74 
74 77 
60 65 
73 82 
60 97 
61 96 
0 30 
58 71 
63 73 
56 83 
74 91 
55 67 
78 84 
69 83 
53 63 
52 78 
47 61 
76 78 
98 99 
64 68 
55 85 
69 77 
69 86 
69 94 
48 90 
87 90 
50 68 
92 99 
75 81 
84 94 
46 65 
60 98 
61 86 
62 70 
67 82 
45 93 
62 79 
59 99 
83 98 
60 94 
56 78 
45 51 
58 67 
55 76 
86 97 
57 97 
67 86 
70 84 
56 91 
45 77 
62 82 
50 62 
67 73 
88 91 
47 80 
84 92 
66 82 
0 8 
0 18 
74 80 
0 75 
75 85 
57 99 
0 75 
54 68 
78 95 
50 96 
91 97 
60 79 
45 62 
49 53 
54 85 
67 89 
52 57 
53 78 
47 82 
58 65 
80 81 
55 93 
57 72 
58 87 
45 65 
72 88 
75 80 
58 97 
64 88 
79 86 
56 72 
74 79 
66 86 
59 60 
47 88 
76 90 
55 64 
74 80 
48 54 
47 74 
67 78 
51 71 
71 80 
59 74 
71 89 
65 78 
67 86 
60 90 
0 2 
47 96 
77 99 
66 95 
50 69 
62 80 
55 60 
68 71 
58 79 
67 88 
64 98 
47 97 
52 93 
58 71 
52 81 
72 79 
46 78 
95 96 
73 75 
67 76 
50 84 
49 99 
71 89 
54 81 
62 91 
47 92 
46 99 
67 88 
50 82 
46 85 
57 73 
84 97 
75 76 
48 65 
65 84 
53 59 
56 59 
73 97 
62 71 
71 91 
84 99 
69 87 
87 89 
47 54 
67 80 
0 33 
51 76 
58 79 
57 90 
72 93 
55 62 
63 77 
69 85 
58 68 
69 80 
81 97 
64 98 
70 92 
85 97 
0 75 
77 94 
57 96 
46 50 
64 69 
48 61 
76 90 
69 90 
87 89 
65 74 
54 76 
62 76 
60 96 
56 96 
50 94 
63 68 
55 70 
78 96 
53 81 
51 57 
74 79 
47 89 
62 78 
62 78 
63 65 
49 54 
46 66 
88 97 
88 99 
68 96 
66 86 
60 66 
45 98 
53 64 
72 88 
48 93 
79 93 
57 93 
49 95 
53 61 
47 65 
58 73 
51 79 
51 61 
89 94 
65 89 
65 70 
77 90 
56 79 
0 76 
60 63 
74 77 
51 67 
62 72 
56 62 
77 97 
90 95 
51 64 
45 94 
57 65 
58 82 
49 69 
83 88 
75 98 
71 99 
67 86 
50 89 
81 95 
52 57 
58 71 
73 83 
74 87 
73 80 
0 61 
53 95 
73 93 
68 73 
52 88 
59 88 
79 85 
72 85 
72 93 
71 82 
68 83 
61 94 
73 99 
66 76 
51 69 
59 89 
53 85 
60 96 
61 64 
66 89 
57 74 
70 89 
74 93 
54 70 
62 74 
70 97 
46 71 
95 98 
0 62 
57 74 
50 80 
79 88 
63 88 
0 64 
78 95 
61 65 
89 92 
87 92 
82 95 
46 99 
60 66 
74 98 
66 86 
65 81 
47 82 
51 63 
80 93 
51 88 
48 65 
60 84 
63 86 
47 66 
72 94 
58 72 
51 63 
0 85 
85 98 
48 66 
67 99 
90 95 
