1 2 
1 3 
1 4 
2 3 
2 4 
3 4 
5 6 
5 7 
6 7 
8 9 
8 10 
8 11 
9 10 
9 11 
10 11 
12 13 
12 14 
12 15 
13 14 
13 15 
14 15 
16 17 
16 18 
16 19 
17 18 
17 19 
18 19 
20 21 
20 22 
21 22 
23 24 
23 25 
24 25 
26 27 
26 28 
27 28 
29 30 
29 31 
29 32 
30 31 
30 32 
31 32 
33 34 
33 35 
33 36 
33 37 
33 38 
33 39 
33 40 
33 41 
33 42 
33 43 
33 44 
33 45 
33 46 
33 47 
33 48 
33 49 
33 50 
33 51 
33 52 
33 53 
33 54 
33 55 
33 56 
33 57 
33 58 
33 59 
33 60 
33 61 
33 62 
33 63 
33 64 
33 65 
33 66 
33 67 
33 68 
33 69 
33 70 
33 71 
33 72 
33 73 
33 74 
33 75 
33 76 
34 35 
34 36 
34 37 
34 38 
34 39 
34 40 
34 41 
34 42 
34 43 
34 44 
34 45 
34 46 
34 47 
34 48 
34 49 
34 50 
34 51 
34 52 
34 53 
34 54 
34 55 
34 56 
34 57 
34 58 
34 59 
34 60 
34 61 
34 62 
34 63 
34 64 
34 65 
34 66 
34 67 
34 68 
34 69 
34 70 
34 71 
34 72 
34 73 
34 74 
34 75 
34 76 
35 36 
35 37 
35 38 
35 39 
35 40 
35 41 
35 42 
35 43 
35 44 
35 45 
35 46 
35 47 
35 48 
35 49 
35 50 
35 51 
35 52 
35 53 
35 54 
35 55 
35 56 
35 57 
35 58 
35 59 
35 60 
35 61 
35 62 
35 63 
35 64 
35 65 
35 66 
35 67 
35 68 
35 69 
35 70 
35 71 
35 72 
35 73 
35 74 
35 75 
35 76 
36 37 
36 38 
36 39 
36 40 
36 41 
36 42 
36 43 
36 44 
36 45 
36 46 
36 47 
36 48 
36 49 
36 50 
36 51 
36 52 
36 53 
36 54 
36 55 
36 56 
36 57 
36 58 
36 59 
36 60 
36 61 
36 62 
36 63 
36 64 
36 65 
36 66 
36 67 
36 68 
36 69 
36 70 
36 71 
36 72 
36 73 
36 74 
36 75 
36 76 
37 38 
37 39 
37 40 
37 41 
37 42 
37 43 
37 44 
37 45 
37 46 
37 47 
37 48 
37 49 
37 50 
37 51 
37 52 
37 53 
37 54 
37 55 
37 56 
37 57 
37 58 
37 59 
37 60 
37 61 
37 62 
37 63 
37 64 
37 65 
37 66 
37 67 
37 68 
37 69 
37 70 
37 71 
37 72 
37 73 
37 74 
37 75 
37 76 
38 39 
38 40 
38 41 
38 42 
38 43 
38 44 
38 45 
38 46 
38 47 
38 48 
38 49 
38 50 
38 51 
38 52 
38 53 
38 54 
38 55 
38 56 
38 57 
38 58 
38 59 
38 60 
38 61 
38 62 
38 63 
38 64 
38 65 
38 66 
38 67 
38 68 
38 69 
38 70 
38 71 
38 72 
38 73 
38 74 
38 75 
38 76 
39 40 
39 41 
39 42 
39 43 
39 44 
39 45 
39 46 
39 47 
39 48 
39 49 
39 50 
39 51 
39 52 
39 53 
39 54 
39 55 
39 56 
39 57 
39 58 
39 59 
39 60 
39 61 
39 62 
39 63 
39 64 
39 65 
39 66 
39 67 
39 68 
39 69 
39 70 
39 71 
39 72 
39 73 
39 74 
39 75 
39 76 
40 41 
40 42 
40 43 
40 44 
40 45 
40 46 
40 47 
40 48 
40 49 
40 50 
40 51 
40 52 
40 53 
40 54 
40 55 
40 56 
40 57 
40 58 
40 59 
40 60 
40 61 
40 62 
40 63 
40 64 
40 65 
40 66 
40 67 
40 68 
40 69 
40 70 
40 71 
40 72 
40 73 
40 74 
40 75 
40 76 
41 42 
41 43 
41 44 
41 45 
41 46 
41 47 
41 48 
41 49 
41 50 
41 51 
41 52 
41 53 
41 54 
41 55 
41 56 
41 57 
41 58 
41 59 
41 60 
41 61 
41 62 
41 63 
41 64 
41 65 
41 66 
41 67 
41 68 
41 69 
41 70 
41 71 
41 72 
41 73 
41 74 
41 75 
41 76 
42 43 
42 44 
42 45 
42 46 
42 47 
42 48 
42 49 
42 50 
42 51 
42 52 
42 53 
42 54 
42 55 
42 56 
42 57 
42 58 
42 59 
42 60 
42 61 
42 62 
42 63 
42 64 
42 65 
42 66 
42 67 
42 68 
42 69 
42 70 
42 71 
42 72 
42 73 
42 74 
42 75 
42 76 
43 44 
43 45 
43 46 
43 47 
43 48 
43 49 
43 50 
43 51 
43 52 
43 53 
43 54 
43 55 
43 56 
43 57 
43 58 
43 59 
43 60 
43 61 
43 62 
43 63 
43 64 
43 65 
43 66 
43 67 
43 68 
43 69 
43 70 
43 71 
43 72 
43 73 
43 74 
43 75 
43 76 
44 45 
44 46 
44 47 
44 48 
44 49 
44 50 
44 51 
44 52 
44 53 
44 54 
44 55 
44 56 
44 57 
44 58 
44 59 
44 60 
44 61 
44 62 
44 63 
44 64 
44 65 
44 66 
44 67 
44 68 
44 69 
44 70 
44 71 
44 72 
44 73 
44 74 
44 75 
44 76 
45 46 
45 47 
45 48 
45 49 
45 50 
45 51 
45 52 
45 53 
45 54 
45 55 
45 56 
45 57 
45 58 
45 59 
45 60 
45 61 
45 62 
45 63 
45 64 
45 65 
45 66 
45 67 
45 68 
45 69 
45 70 
45 71 
45 72 
45 73 
45 74 
45 75 
45 76 
46 47 
46 48 
46 49 
46 50 
46 51 
46 52 
46 53 
46 54 
46 55 
46 56 
46 57 
46 58 
46 59 
46 60 
46 61 
46 62 
46 63 
46 64 
46 65 
46 66 
46 67 
46 68 
46 69 
46 70 
46 71 
46 72 
46 73 
46 74 
46 75 
46 76 
47 48 
47 49 
47 50 
47 51 
47 52 
47 53 
47 54 
47 55 
47 56 
47 57 
47 58 
47 59 
47 60 
47 61 
47 62 
47 63 
47 64 
47 65 
47 66 
47 67 
47 68 
47 69 
47 70 
47 71 
47 72 
47 73 
47 74 
47 75 
47 76 
48 49 
48 50 
48 51 
48 52 
48 53 
48 54 
48 55 
48 56 
48 57 
48 58 
48 59 
48 60 
48 61 
48 62 
48 63 
48 64 
48 65 
48 66 
48 67 
48 68 
48 69 
48 70 
48 71 
48 72 
48 73 
48 74 
48 75 
48 76 
49 50 
49 51 
49 52 
49 53 
49 54 
49 55 
49 56 
49 57 
49 58 
49 59 
49 60 
49 61 
49 62 
49 63 
49 64 
49 65 
49 66 
49 67 
49 68 
49 69 
49 70 
49 71 
49 72 
49 73 
49 74 
49 75 
49 76 
50 51 
50 52 
50 53 
50 54 
50 55 
50 56 
50 57 
50 58 
50 59 
50 60 
50 61 
50 62 
50 63 
50 64 
50 65 
50 66 
50 67 
50 68 
50 69 
50 70 
50 71 
50 72 
50 73 
50 74 
50 75 
50 76 
51 52 
51 53 
51 54 
51 55 
51 56 
51 57 
51 58 
51 59 
51 60 
51 61 
51 62 
51 63 
51 64 
51 65 
51 66 
51 67 
51 68 
51 69 
51 70 
51 71 
51 72 
51 73 
51 74 
51 75 
51 76 
52 53 
52 54 
52 55 
52 56 
52 57 
52 58 
52 59 
52 60 
52 61 
52 62 
52 63 
52 64 
52 65 
52 66 
52 67 
52 68 
52 69 
52 70 
52 71 
52 72 
52 73 
52 74 
52 75 
52 76 
53 54 
53 55 
53 56 
53 57 
53 58 
53 59 
53 60 
53 61 
53 62 
53 63 
53 64 
53 65 
53 66 
53 67 
53 68 
53 69 
53 70 
53 71 
53 72 
53 73 
53 74 
53 75 
53 76 
54 55 
54 56 
54 57 
54 58 
54 59 
54 60 
54 61 
54 62 
54 63 
54 64 
54 65 
54 66 
54 67 
54 68 
54 69 
54 70 
54 71 
54 72 
54 73 
54 74 
54 75 
54 76 
55 56 
55 57 
55 58 
55 59 
55 60 
55 61 
55 62 
55 63 
55 64 
55 65 
55 66 
55 67 
55 68 
55 69 
55 70 
55 71 
55 72 
55 73 
55 74 
55 75 
55 76 
56 57 
56 58 
56 59 
56 60 
56 61 
56 62 
56 63 
56 64 
56 65 
56 66 
56 67 
56 68 
56 69 
56 70 
56 71 
56 72 
56 73 
56 74 
56 75 
56 76 
57 58 
57 59 
57 60 
57 61 
57 62 
57 63 
57 64 
57 65 
57 66 
57 67 
57 68 
57 69 
57 70 
57 71 
57 72 
57 73 
57 74 
57 75 
57 76 
58 59 
58 60 
58 61 
58 62 
58 63 
58 64 
58 65 
58 66 
58 67 
58 68 
58 69 
58 70 
58 71 
58 72 
58 73 
58 74 
58 75 
58 76 
59 60 
59 61 
59 62 
59 63 
59 64 
59 65 
59 66 
59 67 
59 68 
59 69 
59 70 
59 71 
59 72 
59 73 
59 74 
59 75 
59 76 
60 61 
60 62 
60 63 
60 64 
60 65 
60 66 
60 67 
60 68 
60 69 
60 70 
60 71 
60 72 
60 73 
60 74 
60 75 
60 76 
61 62 
61 63 
61 64 
61 65 
61 66 
61 67 
61 68 
61 69 
61 70 
61 71 
61 72 
61 73 
61 74 
61 75 
61 76 
62 63 
62 64 
62 65 
62 66 
62 67 
62 68 
62 69 
62 70 
62 71 
62 72 
62 73 
62 74 
62 75 
62 76 
63 64 
63 65 
63 66 
63 67 
63 68 
63 69 
63 70 
63 71 
63 72 
63 73 
63 74 
63 75 
63 76 
64 65 
64 66 
64 67 
64 68 
64 69 
64 70 
64 71 
64 72 
64 73 
64 74 
64 75 
64 76 
65 66 
65 67 
65 68 
65 69 
65 70 
65 71 
65 72 
65 73 
65 74 
65 75 
65 76 
66 67 
66 68 
66 69 
66 70 
66 71 
66 72 
66 73 
66 74 
66 75 
66 76 
67 68 
67 69 
67 70 
67 71 
67 72 
67 73 
67 74 
67 75 
67 76 
68 69 
68 70 
68 71 
68 72 
68 73 
68 74 
68 75 
68 76 
69 70 
69 71 
69 72 
69 73 
69 74 
69 75 
69 76 
70 71 
70 72 
70 73 
70 74 
70 75 
70 76 
71 72 
71 73 
71 74 
71 75 
71 76 
72 73 
72 74 
72 75 
72 76 
73 74 
73 75 
73 76 
74 75 
74 76 
75 76 
5 65 
16 60 
7 21 
31 46 
7 51 
20 73 
20 58 
31 72 
83 86 
30 61 
16 21 
13 32 
18 33 
30 50 
26 32 
9 13 
10 39 
11 76 
78 85 
0 82 
7 28 
21 37 
24 70 
15 41 
10 47 
5 68 
90 94 
92 99 
6 9 
0 42 
18 26 
30 44 
24 64 
15 54 
9 34 
28 29 
23 38 
16 55 
15 25 
5 26 
85 97 
3 6 
81 83 
3 47 
18 41 
10 59 
11 22 
0 92 
20 66 
23 49 
21 56 
13 28 
15 42 
31 60 
29 40 
12 43 
9 44 
80 83 
9 64 
84 93 
2 51 
10 52 
4 11 
26 74 
12 37 
0 34 
2 71 
22 62 
1 73 
11 70 
9 74 
27 62 
17 69 
10 66 
31 51 
83 94 
19 29 
81 83 
12 30 
9 41 
32 57 
11 63 
29 36 
88 94 
5 17 
13 35 
15 50 
1 22 
9 44 
22 51 
26 38 
6 66 
26 36 
11 68 
8 64 
5 11 
12 75 
14 43 
21 41 
78 88 
12 28 
32 44 
25 59 
11 69 
31 69 
26 45 
20 24 
10 63 
18 32 
92 95 
84 90 
29 65 
21 38 
96 99 
15 30 
18 21 
89 96 
83 88 
6 14 
28 29 
82 95 
77 78 
0 72 
0 40 
19 70 
12 39 
30 62 
7 19 
17 52 
23 38 
19 61 
13 68 
3 29 
24 31 
4 61 
87 98 
10 74 
6 23 
21 74 
79 97 
90 96 
13 46 
30 48 
29 71 
10 40 
9 75 
9 36 
6 9 
20 28 
3 28 
7 45 
15 30 
28 48 
26 39 
23 68 
12 27 
4 74 
6 38 
0 57 
10 24 
12 65 
32 76 
25 52 
21 43 
13 35 
14 29 
8 15 
18 41 
4 5 
30 63 
8 58 
3 66 
2 30 
78 98 
19 47 
19 27 
0 49 
22 59 
7 39 
9 30 
14 24 
28 50 
79 82 
18 64 
7 73 
18 24 
18 59 
1 54 
77 99 
2 20 
27 74 
31 39 
32 38 
24 47 
10 52 
12 73 
3 64 
31 72 
2 34 
21 49 
92 95 
29 36 
83 90 
28 56 
23 28 
81 89 
25 49 
3 15 
77 96 
32 43 
90 91 
92 99 
1 57 
25 63 
80 82 
26 74 
24 39 
26 63 
16 60 
12 58 
28 40 
